lung_ERR3568411
8.4262
0
0.734306
0.214796
0.984059
0.0586419
3.02732
0.475837
0.0388838
0.164988
0.115374
0.809874
0.809874
0.809874
0.809874
0.0360776
0.144227
64.8812
1.95925
266.539
266.539
266.539
20.6858
8.39752
46.7928
0.0407617
0.0702203
23.2638
0.357279
0.674429
0.708513
1.85862e-07
1.52427
1.55604e-09
1.23185
4.63597e-05
0
3.93607
3.93607
15.1128
72.6295
5.36764
0
0
0
0
0
0.0024971
0.0120674
0
0
0
0
0
0
0.0245888
0
0.291625
0.0404292
0.111024
0.021964
0.579954
0
4.618
1.41246
1.99287
2.39579
3.95293
7.47429
7.47429
7.47429
0.189102
28.1115
28.1115
4.48236
5.18471
7.80738
7.80738
6.84108
2.03304
1.62513
0.524109
0
38.9001
3.11711
3.25654e-10
0.417073
0.700138
76.5573
32.6198
13.7326
23.131
8.27454
2.78163
49.6189
58.3067
1.89016
15.1479
64.592
80.1656
12.4666
2.43506
4.16674
6.80831
49.8302
1.07446
21.8961
1.06928
45.4591
74.2735
3.75638
3.75638
3.75638
3.7908
25.4572
0
3.50024
44.2481
21.8611
14.6036
14.6036
14.6036
14.6036
5.46671
11.8288
0.0863569
0
0
0.287722
0.878012
1.06123
0.999883
0
0.595467
2.62146
35.7403
35.7403
35.7403
289.95
12.5673
0
0
2.39706
5.05523e-06
33.3707
3.94913
4.49564
238.641
4.59314
1.71186
6.25695
0.549885
0.000105012
7.88582
3.08912
14.8189
86.8098
86.8098
0
7.95894e-09
2.30929e-05
0
0.271644
8.89749
24.3851
0.0888814
0
2.99097
1.12945
0
0
0
0
0.532472
0
1.21274
1.9421
0
4.18608
0.84411
0.84411
6.65044
5.63831
4.94029
18.6576
0
0.387984
0
82.0668
24.173
0.320054
0.266151
0.0297324
0
0
1.03353
0.10675
9.34612
9.34612
0
0
1.16847
7.37399
14.5973
0
0.00041933
0.0217919
0
0
0.0273191
0.0499753
5.62128
14.4481
9.3782
35.2929
0.000705156
0.00199463
5.22834
1.94416
0
1.43781
0
0
0.449536
0.813666
4.56315e-06
0
0
0.687714
0.152025
0
0.36973
0
0
0
4.08691
0.00407141
0.432355
21.0568
0.715951
0
24.2513
0
0.170539
0
0
0
0.449675
0
7.34158
0
0
0.0986661
0.153826
0.00841514
0
103.369
11.6467
0
7.74368
0.0802476
0
2.02017e-10
2.02017e-10
0.0476176
3.60604e-10
0
0
34.8078
51.7379
9.4369
9.4369
0.176604
9.25422
0
0.0804018
3.28874
0.663469
0
0
14.3888
0
0
0
0.659777
0
19.5709
0.402062
0.139929
0.370597
0.370597
0.150812
12.0184
268.552
27.4328
8.25915
3.47424
3.87059
0.46052
25.3493
4.2649
1.02112
2.11656
12.7024
3.04799
6.37392
2.83374
2.53639
4.50805
11.8388
0.841393
0.841393
0.841393
0.841393
0.841393
0.841393
14.4429
0.208659
0
0
9.68108
13.3519
0
0
0
0
0
0
46.7339
7.70485
5.62111
2.31419
1.26957e-07
0
3.67843
3.67843
15.8532
0
2.94999
1.80684
20.7035
12.807
5.38475
0
18.4193
0
0.53909
0
0
2.47897
0.14106
0
31.5364
0
0
4.96802
0.000478369
0
2.83218
1.59486
33.5326
6.51246
6.51246
1.81223
4.04116
0.467126
22.8295
5.7885
0.29632
4.0864
22.4783
4.63434
33.5309
1.22966
0.515673
13.9594
15.4833
1.2972
0.819326
0.819326
0.819326
2.1427
18.1764
0
123.503
0.0159779
21.5024
0
1.64298
1.64298
8.9647
4.30024
1.10139
0.479199
1.44401
0.648545
0.660229
0
8.14513
2.90462
4.13242
7.05119
7.05119
0.0184234
0.0184234
28.7565
0.241518
0
29.0221
16.4731
22.8772
27.2395
12.9984
0.134285
0.0853361
2.29189
1.23483
0
0
0
0
0.127105
0.0483669
0.336065
0.196409
0.659253
0.659253
0.659253
0.659253
1.72192
1.45391
0.495663
4.96924
4.96924
5.88932
15.8316
0.95166
0
0
0.0245587
0.139818
1.5425
16.4153
1.22113
0.253993
0.0255979
0.000166243
1.65109e-05
6.97746e-07
17.808
1.81243
0.61701
3.82883e-05
4.5514
0.337133
116.336
168.002
70.5986
0
0
0
35.0734
0
2.49848
0
0.075557
0
0
0.343221
2.04886
1.37922
0.0781132
3.18935
0
0
0.348388
0.453379
18.9447
16.2095
0.304449
10.1002
2.25192
0.179548
0.179548
0.179548
0.179548
0.179548
0.036725
6.00731
1.32667
0
0
0
12.9889
4.23507
2.74735
0
0
0
0
0.144536
0
1.72203
0.873637
0.114605
0
3.76702
7.11446
0.600526
10.3331
0.789581
0.194585
0.565371
9.05228
9.05228
19.1887
0.73819
1.71814
218.797
0.823842
6.71456
1.23672
0
31.5807
0.86554
2.21546
1.94114
5.24541
3.81912
0.433486
0.614103
9.87707
0.160477
0.160477
0.160477
0.160477
0.160477
0.160477
0.160477
0.160477
83.0789
0.13087
0.13087
3.5707
0.0425334
0.0425334
595.326
33.4209
0.441527
15.4651
1.12958
0
6.66996
0.803673
1.25373
1.45719
1.45719
1.45719
1.45719
1.45719
1.45719
49.3602
0.759583
0.0139066
0.0139066
0.0139066
0.0139066
0.0139066
0.0139066
0.0139066
0.0139066
0
0.171467
0.021888
0.0481935
0.603982
0.0826322
8.78633e-09
3.03965
8.72557
6.45529
6.45529
6.45529
6.45529
3.13153
6.31445
6.31445
6.31445
2.47179
18.3137
2.15839
7.29534
0.897757
0
0.122654
306.341
9.19148
9.19148
9.19148
9.19148
8.91998
3.23361
3.23361
0.971105
0.971105
0.971105
0.971105
0.971105
0.971105
0.212262
0.13569
22.2049
1.61497
57.1633
0.922768
0.922768
0
0
5.19735
5.19735
5.59447
1142.1
0
0.184645
10.071
0.282474
0.282474
0.568798
0
5.06436
0
0
0.0297666
2.64039e-09
0.0778122
48.2066
21.3646
0
0
0
0
0
0.501984
0
9.09144
9.09144
9.09144
26.0309
0.673734
9.19221
0
32.7943
0
0.0111089
8.54105
2.91281
1.13302
0.662555
76.954
76.954
106.275
11.5783
73.2249
6.41475
6.97785
6.97785
0.916622
14.4338
0.200154
0.145914
0.145914
0.145914
31.6497
48.211
2.55774
2.55774
2.55774
2.55774
0.398007
0
0
12.8501
0
0
0
0
0
0
0
0
0
0
0
0
6.7278
0
0.351501
0
0
0
0
0
0
11.6086
1.10468
0
0
0.983107
32.1968
13.5732
13.5732
0.909626
6.5696
6.99606
0.610623
36.9338
0
0.595375
0.0233093
66.2238
1.23796
0
0
0.086684
157.478
28.4241
0
5.88593
1.78447
1.78447
1.78447
0
3.49077
3.49077
3.49077
100.094
321.267
0
433.058
7.94455
0.112871
7.97989
7.97989
7.97989
54.1246
0
0.26456
37.7978
47.0071
1.30186
1.30186
1.30186
1.30186
1.30186
1.30186
1.30186
95.4847
58.3019
96.1299
13.1085
10.8966
10.8966
0
0.4131
33.6178
0.648978
0
0
15.1578
0
12.7184
4.6636
31.2882
0
3.65239
5.80461
3.98496
0.961327
3.13578
0
8.71763
13.4911
0
8.02952e-06
0.340805
2.0768
0
0.0963681
17.7406
56.1059
0
3.36192
3.63423
0
0.00289187
0
2.77944
0.09808
0.339251
0.258329
0
0.273496
0.119402
0.0818348
0.0752893
0.236093
0
0
90.2917
3.47728
6.48023e-06
0
1.55149
21.6935
0
8.69298
8.69298
53.2134
6.79675
14.757
3.3183
43.1282
150.163
0
0
0
0
0
0
0
9.87931
1.14264
4.11974
2.0952
0
0
8.77155
8.77155
8.77155
8.77155
0.151902
0.151902
0
0.5436
1.8718
0.0194531
0.0194531
0.870413
0.870413
2.8403
8.85004
2.51006
5.27038e-09
0.929197
0
0
1.27781
1.34065
0
0.00289372
0.432005
0.180693
0
0.00786404
0
0
0.0318627
0.220391
45.1306
45.1306
0.649325
0.649325
0
0
0
0
0
0
0
12.3429
0.342108
0.0521313
18.2506
1.06117
0.893991
4.44983
1.21496
1.21496
1.21496
1.21496
30.4593
3.22746
0
0
0
0
0.481015
5.40751
5.06298
0.994762
298.956
12.5375
0.144227
0
0.131346
4.89327
4.89327
4.89327
0.389734
17.2052
4.07168
18.0967
18.0967
5.60128
1.20053
2.86686
2.86686
2.86686
2.86686
69.099
0.805706
3.56193
4.51178
0.955281
0.530293
0.07843
0.344307
0
0
0.916299
0.541961
0.159581
8.62514
0.931902
1.03951
118.413
0
10.2044
11.7248
0
0
1.73245e-05
1.73245e-05
1.73245e-05
1.73245e-05
1.73245e-05
5.7478e-06
2.37824e-10
0
5.68883
2.86525
0.00013233
1.0132e-05
0.253838
2.71875e-07
1.59799
0.4867
0.361696
0.361696
0.16772
7.57478e-06
5.08892e-07
0.472701
0.0146376
0.162593
0.162593
0.19955
0.248585
4.31522e-09
4.31522e-09
4.31522e-09
4.31522e-09
17.012
17.012
17.012
17.012
17.012
17.012
12.9961
67.3035
18.7573
0.7817
0
0.430513
0
0
3.39515
0
3.60971
1.93692
55.4895
2.98723
0.246834
0
0
0
0
15.3088
2.55114
0.885493
1.42782
1.42782
1.42782
0.478507
0.478507
0.478507
0.478507
0.478507
0.478507
0.478507
71.9566
23.9078
82.432
0.989136
0.546923
85.2198
0.326128
0
2.26474
35.2847
537.349
6.19237
6.19237
3.23057
22.8816
2.1201
52.1602
47.7305
0.852853
0.852853
0.852853
0.852853
0.852853
1.82583
2.59741
13.7394
13.7394
13.7394
9.87911
12.6756
0.146343
0.381764
0.272716
31.2679
31.2679
31.2679
31.2679
0.463249
4.10853
4.10853
4.40028
5.59466
0.0143192
0.174857
0.0467101
0.405858
0.405858
0
0
21.0884
76.8244
0.0712792
17.9322
32.2743
17.1253
0.256078
0.256078
0.256078
0.525599
0.625298
55.2465
3.28326
3.28326
3.28326
3.28326
49.6888
0
4.11057
6.44758
50.8173
1.35019
102.378
5.35973
5.35973
5.35973
5.35973
0.0218267
0.310866
2.97988
2.97988
1.00153
1.00153
0
9.54029
1.6726
0
0.69807
10.0499
37.9114
37.9114
284.278
0.658665
0.0590759
11.7423
16.1011
19.6018
3.70472
9.76714
0
2.25112
2.25112
2.25112
2.25112
3.53481
6.58804
0.011206
0
2.16037
0
10.9291
0.14947
12.6807
1.24095
30.6872
9.83425
9.83425
2.78844
2.78844
2.78844
15.6471
27.5349
0
14.5092
0.0766143
0.0766143
0.769658
19.0178
19.0178
19.0178
28.7652
0.841586
6.54923
68.2052
34.6618
268.459
268.459
268.459
858.864
9.71292
20.895
0
0
0.397207
0.397207
0.106534
0
0.975854
1.73071
5.43822
5.43822
0.80122
4.97634
4.97634
0.421754
4.73086
64.4716
19.8827
0.788109
0.788109
0.788109
9.44619
0.334995
0.33406
3.85941
17.6234
8.88074
8.88074
3.39373
184.159
82.3574
1.78966
1.78966
1.78966
1.78966
1.78966
1.78966
2.01888
6.17811
0.135786
0.801855
10.1117
10.1117
35.1569
54.0591
6.46343
6.46343
6.46343
6.46343
6.46343
23.4609
0.0452437
0
0.244445
0.0679836
6.44187
0.131416
0.0949229
4.10975
14.4038
55.3238
0.0614527
0.743371
0.453216
2.8256
2.8256
69.6169
9.72649e-10
2.86866
0.000866194
2.7407
3.9986
0
0
2.49595
1.32037e-06
3.91404
0.042543
0
0
0.436641
14.2701
14.2701
14.2701
14.2701
0.464672
0.00919185
0.34929
0
0.00919185
2.88392
2.88392
0
0
0
0.65987
0.65987
0.0179966
2.55802
2.55802
2.55802
2.55802
3.49517
10.0911
1.75654
0.380684
0.331853
3.97528
3.97528
0.541827
3.81134
0.931916
0
0
0
0
0
0
0
0
0
0
0
0.00475662
4.83933
0
0
3.96861
2.11355
2.11355
18.1779
0
5.90764
10.8214
10.8214
10.8214
10.8214
0
8.71767
8.71767
1.29164
218.941
218.941
218.941
3.07785
10.9408
0.835901
0.0376238
0
0
0
7.58834
2.6612
2.6612
2.6612
0.947283
8.50064
0
0
4.37982
2.24501
0
0
0
0
0.144227
1.84863
50.5219
9.92601
0
0.440087
3.65169
1.62071
5.51318
15.3404
3.06931e-05
0.938236
0.0907894
0.0907894
0.0907894
0.183303
1.37884
0
0
0.123869
0.461351
3.09952
3.25064
0.301968
0
0
0.768233
870.41
7.24681
36.056
13.6906
1.11939
0.878456
5.9741
5.9741
27.5823
0.524727
0
0.0519715
0
1.41271
21.4055
20.5925
3.19938
0
0.163048
0.163048
0.163048
2.40528
2.40528
0
0.174121
0
3.59556
0.00625017
17.8908
0.0509757
0.378291
3.24424
0.452021
1.07687e-06
1.07687e-06
1.07687e-06
18.7478
1.64035
0
0.223203
0
1.95218
0.611184
0
37.2822
1.39262
18.4791
25.0236
0
0
0
10.186
2.7366
0
10.7497
0
0
5.83898
0.287205
27.1508
9.8624
2.95311
5.67314
5.67314
0
14.7169
95.4251
46.2794
25.9368
25.9368
25.9368
11.0768
7.23632
1.3161
1.3161
0.753002
0
0.909655
8.46655
0
0
1.21887
0
0
0.00629858
0.0050845
0.18624
26.4092
0.58865
2.07104
2.07104
2.07104
2.07104
16.8766
0
0
0.00723322
0
5.79898
24.8303
0.61533
0
70.8342
13.1311
1.10939
2.4311
2.4311
2.4311
5.59206
5.59206
0
1.78426
1.5551
1.5551
1.5551
0.487759
0.487759
0
0
0
5.24492
0
3.49654
0
27.167
84.2399
5.95679
0
0.0196519
1.84312
0.0976804
0.659361
0.625946
0.0479908
0.207458
0.0426833
5.97014
0.609927
1.00284
0.980557
3.21089
0
0
0
0.349994
0.132823
0
41.015
5.51561
4.42137
13.2969
0
32.1404
0.893821
0
0
0
0
1.22879
0.544235
0.09391
0.21332
0.151865
0.581794
0.581794
0.0453618
0
0
8.41364
2.22804
13.9739
19.2939
3.71698
2.37846
20.5455
0.0949896
0.0949896
0.0949896
0.0949896
0.0949896
0.0949896
0.240209
0.483415
0.508716
0.00147684
0.232714
0.0116609
0.0298274
0
0.00496354
0.0129641
0.00054606
0.0698584
0.178306
1.48056
3.77787
1.0675
2.78146
0.153586
7.86824
7.86824
0.00575644
0.00575644
0.00575644
7.8299
0
0
0
0
1.58948
0.724396
0
0
3.78291
46.3161
1.69085
8.5228
8.69813e-08
0.411623
1.78608e-10
1.78608e-10
0
0
0
0
0
0
4.32341
0.179182
0.194309
1.20401
7.73365
27.4772
27.4772
7.69032
6.21086
6.21086
5.81454
5.81454
33.3241
3.33464
16.6444
0.132324
3.65305
0.655063
0.655063
3.37437
3.37437
0
8.51763
0.834014
1.63246
17.1668
0
15.9045
0
146.163
26.0845
0.775472
0
0
7.45662
2.5579
53.7839
1.66775
0
1.31904
1.31904
1.72377
0
0
0
0.00136562
0
0.54457
2.65526
2.65526
2.65526
2.65526
0
0
0
0
0.0340906
0
0.615741
2.35326
6.44245
8.58789
0.136724
0.136724
0.136724
8.54499
536.313
21.3364
5.54016
10.7037
9.8469
6.33928
6.33928
6.33928
0
2.27131
0.104678
2.50506
2.50506
6.29951
0.912005
3.47266
3.40321
8.10475e-08
8.10475e-08
2.57587
14.6813
14.6813
14.6813
14.6813
14.6813
1.31121
0
1.3758
1.3758
0
1.15563
0
0.296853
14.5263
0
3.94726
0
1.71738
0
0
0
0
0.104638
0.0743363
21.9499
1.5728
2.12124
2.12124
2.12124
2.12124
18.5935
59.6749
11.3796
0.135691
0.0434567
0
0
0.0867345
10.6638
0.717693
4.13802e-09
1.11004
0.116727
3.62719
0
1.92958
21.1397
7.75027
2.93899
1.44156
0
14.0932
0.795108
1.39077
3.56055
51.5866
14.8796
14.8796
18.5795
2.36502
4.84743
0
2.19503
10.7582
10.7582
7.97764
7.97764
7.97764
7.97764
4.55069
4.55069
57.9016
57.9016
57.9016
16.6184
9.59828
81.0332
100.837
106.473
6.35855
251.335
1.99349
59.613
136.455
136.455
136.455
136.455
0.412233
0.412233
0
0
0
0
0
0
0
0
0.240817
0.240817
42.5968
6.16994
0.791162
14.3701
11.5425
0
26.3188
27.8608
0.134116
7.02787e-10
0.0470504
0.0341624
0.655837
109.41
47.6641
52.1621
0
0
11.8394
11.8394
11.8394
0
1.3146
4.37956
1.48033
1.1008
0.420394
0.221239
2.59786
0.595372
0.595372
0.595372
0.827587
1.13008
1.13008
0
16.8667
0.00037375
0.00037375
0
1.45737
0.708634
3.83818e-08
1.15972e-10
1.15972e-10
1.15972e-10
1.15972e-10
1.15972e-10
0
0
0
0.0105259
0
0
0.0693888
27.5852
1.69985
0.59311
4.55477
4.55477
4.55477
6.42056
12.2166
0
0
0
0
0.104153
0
0
0
0
0
0
17.1541
16.4946
11.7522
0.134808
0
0.203959
0.203959
0.203959
0.203959
0
0.234034
0.034113
0.423787
0
0.18408
1.78593
6.918
2.70645
1.54773
3.22985
27.1023
0.51216
3.05312
0.220412
3.74516
1.20781
5.95322e-05
0.356399
0.0194237
0.427585
7.5114
0.906725
5.2563
5.2563
0.141678
0.351817
1.13798
1.13798
0.245759
19.3469
0.494565
7.10038
1.48152e-10
8.40442
5.48543
14.5902
0
1.44233
1.52589
0
1.46309
0
41.205
9.23992
9.23992
6.78
3.81201
0
0.411864
0.371506
0.371506
5.74934
0
0.371506
0.371506
0.371506
0.371506
0
0.106957
0.106957
10.5865
10.5865
10.5865
29.0975
8.73718
8.73718
15.4598
3.39366
557.808
2.82938
2.82938
2.82938
73.7993
0
0
0.0168262
0.20976
0.0992899
69.4807
10.619
12.1078
29.8676
0.144251
0
0
0.882585
353.163
0.868123
0.868123
0.868123
4.60245
0.316966
0
5.62048
5.62048
4.69088
1.13714
1.13714
1.13714
1.13714
1.13714
1.13714
0.143897
1.10586
2.32431
9.87807
15.7097
2.11696
5.06599
0
23.8304
8.35575
8.35575
5.14187
12.4002
0
0.0114393
0
5.61047
3.03319
0.324764
0.0296518
31.7594
34.3445
2.96929
12.0553
12.0553
12.0553
2.09442
0
0
41.7584
18.2248
0
0.0725644
19.779
1.55471
10.207
8.2914
0
20.5881
2.6445
0.0524315
0.0503713
3.09738
3.09738
0.283233
0.817882
0.152603
16.4941
97.6571
53.3438
0
1.45145
1.45145
0
0.20994
0
0
0.0180728
0.0180728
0.0404184
0.0404184
0.0404184
0
0.0304337
7.64448
22.521
22.521
0.103265
17.6518
6.82102
2.28531
4.53913
0.951528
0.932652
7.73316
11.8574
11.8574
0
0
48.7628
0.112871
0
0
0.0894837
1.08073e-09
11.292
1.46905
1.61234
1.43667
1.2134
0
10.0076
0.315092
1.76764
5.35681
1.80279e-06
0.600363
16.2416
92.0498
92.0498
8.96425
0.630873
14.5591
0.296744
7.70056
1.05729e-09
7.01129
0
5.29443e-05
10.7989
0.214977
0.196529
0
0.0832869
0
3.74093
0
0
0
0
0.10065
7.96387
8.73527
0.470744
0
0.268389
0.268389
0.268389
9.4342
0.862436
7.95708
6.19445
5.59142
4.38193
0.00228668
3.86879
1.245
0.529122
0.529122
0.529122
0.529122
11.8556
1.01213e-07
1.05823
0.55357
0.0498711
0
1.91102
1.09137
0.473101
6.05025
0.317168
11.3981
7.01777
2.58709
2.26534
11.2473
0.480927
0.746331
0.746331
0.306081
0.810371
0.226991
1.24889
0.259542
0.392927
1.59304
4.68165
4.54502
98.5545
2.67022
2.24121
21.1569
6.39018
9.76308
53.0166
3.79024
5.57977
5.57977
0
6.27242
35.4622
1.10213
5.83932
2.15193
22.2031
0.613182
0
0.85769
0
17.9804
0
0
0
1.9495
0.621347
0.127417
8.38133
6.13504
6.13504
0
0
0
0
6.52255
10.8279
10.8279
0
37.9341
32.9429
0.202003
204.301
0
4.10422
0.0795694
3.02206
0.303463
0
0
3.92776
3.92776
11.004
0
0.32405
5.61367
24.3739
19.0407
0.193899
0.111232
37.643
1.97008
1.97008
3.0002
0.132217
0
5.89234
0
14.341
31.2226
21.2091
3.52972e-09
0.0520692
7.55701
7.55701
1.16464
0
0
0
0
0
93.981
4.05534
141.61
14.9399
1.26123
0.522441
0.278379
0.530625
0.000186462
4.63355
1.63261
3.31877
3.31877
0
0
4.04712
8.4399
0.66967
0.654936
77.3462
146.157
0.379705
0
0.158657
1.61425
37.3267
1.4736
0.618148
2.14128e-05
26.5611
0.483424
7.49451
3.3
3.3
4.25388
0.67173
9.29556
11.5471
0
0
0.062158
18.8815
2.81537
5.67419
10.1188
10.1188
2.86277
2.86277
2.86277
8.81942
8.81942
8.81942
8.81942
0.489093
13.7772
8.37212
0.0691079
0
0.312352
0.312352
36.1564
1.25244
3.00148
3.00148
14.6492
14.6492
3.54708
0.134346
0.134346
23.7786
3.13134
0.133433
1.06006
1.22877
0.00986727
0.000812243
0
0.0467014
5.37158
5.37158
0.0489505
0
0.517135
16.7079
0.156778
0
1.70682
1.70682
0
0
2.2756
1118.02
0.582284
420.112
5.0787
5.0787
2.59265
0.138958
12.8966
1.77405e-10
17.5486
4.56652
0.103802
0
0
0.316045
0.0215213
906.506
20.8613
0.00183379
1.87701
19.5104
6.0001
1.80032
1.77175
0
0.281263
13.2261
11.9292
0
0
0
0
0
41.2918
9.05315
0.884935
0.884935
0.884935
0.884935
4.12035
4.12035
4.12035
0.10636
0.0229811
52.8879
21.3099
4.83917
0.0443224
6.99889
23.8242
0
4.0969
1.05671
1.05671
0
0
2.04006
2.04006
2.04006
0
0.356114
0.256807
0.0844316
1.14376
0.804633
0
0
0.10262
0
10.5761
0.287702
0.302823
0.302823
0
4.93835
4.93835
4.93835
4.541e-09
4.541e-09
4.541e-09
4.541e-09
4.541e-09
4.541e-09
7.63532
0
0
0
0.445006
1.47724
4.77751
3.51199
3.51199
3.51199
2.48839
0.220729
0
0
0.123482
0.336407
1.58911
1.58911
363.024
14.0643
0.598628
0
0
0.042859
0
47.7005
0
0
8.64239
15.3831
10.6902
8.35779
0.893901
1.0647
0
0
0
0
0
0
0
37.1954
41.4275
12.509
11.3463
0.172418
7.8303e-06
7.8303e-06
0.340286
0.404068
0.348248
0.348248
16.6514
0
6.68824
4.0327
0
0.770626
0.187675
37.0803
2.6486
10.2502
15.588
1.10165
1.147
34.8201
0
0
1.39233
19.5451
0
0.615393
8.58636
0
1.25307
1.25307
12.549
6.7775
0
0.000897124
3.31487
0.448645
0.416675
0
0
0.312771
0.0861822
0
10.1233
2.25258
4.55646
9.00581
9.00581
27.822
0
0.0147437
0
3.4561
1.13889
1.13889
0
2.73396
12.9975
45.8192
2.10201
0.0849146
2.14176
2.22022
0.388738
0.491457
0
0.00534376
0.00534376
1.67495e-09
0
0
0
31.5266
3.80682
3.80682
3.80682
3.73946
17.8572
0.00149364
0.00149364
0.00149364
0.00149364
2.23962e-10
1.06704
0.617173
0
3.72389
1.03744
0
0.0624324
16.7556
0
0.547288
3.33433
3.33433
3.33433
3.33433
3.33433
0
0.265601
5.31869
5.31869
5.31869
5.31869
5.31869
3.24178
1.28425
0.000174873
7.67689
0
2.14339
2.68715
1.1411
0
0.00156488
0.00156488
0.00156488
0.00156488
0.00156488
0.00156488
3.35503
0.00284492
0.00284492
0.00284492
0
5.43241
54.6359
1.18552e-09
3.39461
7.15063e-08
7.15063e-08
0.0219502
0.0388063
0
0.0400176
0
0
266.841
87.4835
87.4835
0.0816332
0.0816332
0
0
0
0
27.3485
0.219084
1.38305
5.25074
0.859737
0.401147
0.401147
0.11605
0.655282
9.74783
1.40119
0.666683
0.666683
0
0
0
29.6842
21.1066
21.1066
12.535
12.535
6.03935
0.108563
5.36531
0
0
0
0
0
0.195776
0
0.423921
0
17.4079
30.8638
69.4878
0.479824
2.39004
2.39004
3.23484
0
6.62299
25.3226
7.15235
0.605357
8.57856
0.817691
3.11962
1.60665
1.60665
1.60665
0
0
0
0.268407
0
0.569932
0
0.0119977
0.0119977
0.0119977
3.59293
6.45375
28.9554
0
0
1.56069
0
0
0
0
9.2769
0.650986
10.5681
10.5681
12.1442
2.72774
4.39109
0
0.134579
0.224644
0.224644
0
0
0.157358
86.7862
0
0
0
0.148249
1.94184
7.80318
0.00764951
7.84913
0.0070151
0.0070151
0.0070151
0.0070151
30.394
2.77407
2.77407
2.77407
2.77407
2.77407
0.153119
0
0.758281
0.758281
13.2108
7.74197
4.81689
4.81689
4.81689
8.27935
0
0
0
314.084
1.03324
1.12953
0
0.0460217
0.0802211
0
177.15
0.0993853
24.8432
0.0342756
26.565
1.57259
38.1592
0.034429
27.5204
1.5105
0
0
26.5624
0.302657
0
12.0341
1.12091
3.41095
3.29124
0.55212
2.01259
47.2817
0.50885
7.53161e-06
7.47657
10.4595
22.408
22.408
140.867
0
772.03
17.3904
17.3904
17.3904
2.78371
10.4763
13.9694
13.9694
13.9694
2.58595
29.6137
61.3656
5.5293
2.66346
2.66346
2.66346
2.66346
49.6675
0.127306
2.74559
0
0.192018
0.192018
0
0
5.65973
0.344441
0.680702
4.88959
0.39489
1.04467
1.69115
1.69115
1.69115
0
0.592435
0.82045
0.82045
0.82045
0.82045
12.0534
15.2395
7.13984
21.7723
0.807067
2.97934
0.628157
0
0.537199
7.22601
1.63758
5.17037e-09
9.327
0.112597
0.3605
0.3605
0.858867
0.858867
0.858867
19.6008
6.16184
0.622118
196.878
8.99983
8.99983
8.99983
95.5014
3.95701
3.95701
0.502545
0.502545
0
3.8253e-05
0
2.64721
4.30409
0
89.2948
50.2946
24.8643
0.608403
0
0
0
0
0
3.44537
0.742025
0.11007
0.819519
0
0
0.00398331
5.99984
3.43221
56.7039
12.6478
6.57322
0
0.603731
1.92524
0
0
0
0
0.903747
27.2807
9.15042
0.791198
83.0742
0
9.09301
17.335
0.277053
0.277053
0
0.0760551
109.065
5.6492
26.1241
846.546
4.7096
4.81649
4.81649
2.47828
0
0
28.351
0.211315
0
20.6417
0.177563
0.177563
0.664836
25.4427
0.559335
26.9233
2.3255
3.44187
0
22.131
18.6908
3.91512
21.3143
0
0
0
0
0
0
0.334862
0.334862
0.334862
0.334862
0.334862
0.334862
0.334862
0.334862
0.334862
2.66703
22.6264
6.03162
1.58573e-05
0.581205
0
11.3847
0
0
0.242549
0.242549
0.242549
6.47732
83.9756
13.2867
0
0.0481269
24.4285
9.48237
2.71826
0.184528
49.4288
0
1.39388
1.39388
1.39388
1.39388
1.39388
1.39388
5.05138
7.17323
6.38378
6.38378
6.38378
4.25481
148.187
353.81
87.5551
74.3383
39.9159
0.261407
2.35253
2.33058
0
0
0
29.6483
0.874326
1.55043
0
0.233473
12.4404
0.738504
0.738504
1.0821
8.74808
1.49322
6.15154
0.554493
0
24.9799
7.68289
30.9861
1.9054
0.170533
0.170533
0.170533
0.170533
10.7465
0
8.60178
0.619649
2.33659
0
0
0
1.5041
0.296594
1.92427
2.80575e-07
0.436821
64.063
0
5.24513
65.161
0.62407
2.07054
67.9399
11.4539
0
0
4.29138
0
0
8.2723
8.2723
8.2723
8.2723
8.2723
8.2723
8.2723
0
0.658486
0
0
0
0
5.96816
5.96816
5.96816
0
0.275987
16.5125
29.1443
6.33356
1.41802
0.626734
0.197673
0.575445
0.575445
0.575445
0.575445
0.575445
0.575445
0.575445
0.575445
0.29268
0.16005
36.9386
0.691063
9.91234
4.4653
4.4653
4.4653
4.4653
4.4653
0
0
33.756
312.969
154.615
91.1407
91.1407
20.3079
20.3079
17.4796
17.4796
0.0675898
570.606
0.0416444
5.71602e-11
0.233038
5.51269
6.43318
1.08571
6.2817
211.447
0.269036
7.19438
23.792
0.0448553
3.55153
0.576665
29.463
6.01805
28.2779
28.2779
0.329923
0.600288
0.137073
1.14231
0.227365
25.83
1.37946
0.393107
9.37457
9.37457
155.895
0
0.476059
1.83933
1.83933
1.83933
1.83933
1.83933
5.21911
22.7618
1.67854
1.67854
0.0387603
3.53176
3.53176
3.53176
3.53176
2.04554
2.04554
2.04554
2.04554
6.65409
10.0747
0
0.117447
20.299
9.32511
16.772
1.34136
1.68456
1.68456
21.8838
2.11726
9.14314
1.92566
0.412371
4.85158
11.2582
0
0
0
0.74196
23.64
0.672561
2.50287
5.71605
0.635598
0
0.129796
0.488946
9.09396
2.16365
0.517784
4.57527
1.06027
1.06027
1.74453
2.62767
2.33039
3.28332
3.28332
3.28332
0
0.229689
31.9467
46.7409
31.6297
3.32086
8.99202
8.29224
1.79671
1.75198
1.75198
1.75198
0
15.8636
10.2287
1.96385
1.96385
27.1675
27.1675
44.9725
0.298078
2.91096
2.91096
0
0
1.05532
1.05532
16.7873
4.55279
0
1.63034
9.1944
16.4153
1.27916
4.4061
4.4061
0.429323
1.69617
62.6541
14.4731
8.90655
0.459215
0.222315
0.222315
319.057
3.84397
8.99814
1.94836
1.23516
1.23516
1.23516
1.23516
1.23516
46.2754
46.2754
76.4086
319.99
209.008
2.08137
0.182408
2.4429
16.6978
6.00587
1.67408
0.798065
0
6.54581
6.54581
0
45.0369
4925.23
1.42678
1.42678
1.42678
0
0.352787
0
0.112763
0
1.89335
0.15216
6.55473
0.531505
22.8594
9.00998e-05
0.000326911
12.2113
1.3056
1.4179
0
0.333356
4.13079
21.0078
1.28204
0
0
0
0
0
0
0
0
0
0
0
0
0
0
0.761611
0.000759502
0.342774
11.3958
26.9366
0
21.5457
1.28086
1.92112
2.19812e-10
0
8.80713
21.6945
0.261116
0.261116
2.54532
2.54532
0.000162717
0.856019
0.549845
15.1983
0.360326
0
0
0
29.7995
0.686535
52.1866
0.0982967
0
8.39846
8.39846
8.39846
1.25326
33.1886
11.2197
2.32244e-07
15.5842
15.5842
15.5842
10.3115
5.19204
0.145679
7.36628
0.00145571
0.00145571
0.00145571
0.335946
3.40563
0.0433706
0.0433706
0.0433706
46.596
0
3.65042
3.65042
17.8669
17.8669
17.8669
17.8669
17.8669
4.61837
6.61737
0.29555
3.91292
3.91292
5.02431
0.0520416
8.08135
7.48655
3.21185
27.4327
13.5357
13.5357
13.5357
0.0376677
0.132486
116.33
0.0859554
6.59906
26.424
0
1.07034
0
0.0215275
0.524022
1.203
0.0894498
7.40987
5.03601
20.093
0
0
4.65895
11.8253
0
18.3285
7.22573
0.0478848
54.3988
0.171939
6.94739
4.0648
0.00156828
0.000930583
1.1126
1.80159e-07
0.909295
0.000423684
0.000250754
0.000250754
3.03306
3.08183
12.0183
233.247
3.90787
3.90787
0
1.08342
1.08342
1.08342
27.0964
0
0
20.8865
1.84924
0
1.44198
0.478223
0.28267
2.55495
0
13.2441
2.38947
11.9414
0.843184
0.811214
0.811214
0.811214
0.811214
0.811214
0.382017
19.3556
0.149445
0.0497755
0.0497755
0.0497755
5.36071
0
5.49252
0.755785
42.262
26.2469
9.35791
410.285
13.8118
0
105.469
0.0364401
9.00047e-08
4.22842
10.7353
7.63437
0.802771
0.56277
26.7041
3.48112
2.65403
0.330314
0.330314
0.330314
0.330314
0
19.5882
2.87319
2.87319
2.87319
0.247668
0.132149
0.189866
16.4991
0
0
0
0.106261
21.2834
2.15139
0
1.27709
51.0677
0.0284636
1.71356
0.287532
0.0352751
0.0542641
0
0
0
0
0
0
0
0
0.140124
0
0
0.274205
0
0
0.0257508
46.4727
46.4727
46.4727
0
0
0.0859445
9.71567
8.85197
7.5817
7.5817
7.5817
7.5817
2.98461
2.98461
2.98461
2.98461
8.53868
0
0.393048
0.393048
0.393048
1.33771
0.800957
0
0
0.000236946
0
0.283269
0
0
0
0
0
10.7128
0
0
0
0.0216244
0
0
0
0
0
0
0
0
1.62515
0.166023
0
4.53898
4.53898
1.77213
5.90835
0.462397
0
18.3268
4.11761
0
0.149679
4.96159
0.108772
0.195792
0.195792
32.4722
2.14921
0.466443
0.466443
0.22441
1.83342
15.6797
0
57.065
2.38116
0
0.310831
0.0693376
14.715
0.818391
0.818391
116.928
1255.55
19.0939
44.0455
0.532945
12.3075
20.7942
4.41211
4.41211
9.7508
1349.76
0.0499619
18.825
0.602535
0.156976
0
36.9221
21.3286
24.7495
1.7843e-06
0
0
25.6835
0.839977
35.4857
3.1158
0.225311
137.589
0.00105932
0.00105932
0.00105932
0.00105932
0.00105932
0.111849
18.2308
0.470005
58.3904
0.921312
11.4229
32.1685
0
85.0776
0.100651
0.221427
2.35464
3.32131
1.55327
2.67878
0.791357
0.46339
1.01442
1.01442
1.01442
4.6517
0.369363
0.21909
3.26352
0
64.5144
119.331
10.0868
14.821
14.821
14.821
27.6952
0.0595799
0.0759764
0.0759764
0.0759764
0.0759764
0.0759764
0.0759764
16.5695
29.335
0.887359
1.61397
1.61397
1.61397
2.8367
0.762632
0.679862
11.3675
2.87034
9.65832
2.5452
0
0
3.70147
1.27587
0
0
0
0
0.0268565
0
0
0
0
0
0.0596185
16.9772
7.87865
4.15053
4.15053
0
16.0867
2.63643
30.9601
2.97438e-06
2.97438e-06
2.33075
0.442873
0
3.52176
0.0836338
0.0836338
0.0836338
10.2803
0.1363
0
0.0769487
17.8403
0.999832
14.9524
0
12.8133
0.0039537
0.0207357
1.78309e-06
3.37064e-10
0.000561177
15.593
8.8761
8.8761
8.90159
6.96917
5.07399
8.90159
0
0
0
27.1448
22.6277
22.6277
22.6277
22.6277
0
0.09236
5.74805
15.4308
10.7398
0
1.53133
24.9134
1.64259
0.515588
0.59563
19.5273
10.0715
3.48127
43.2983
4.59521
1.01923
0
5.69609
0
0.946507
0.265249
19.6575
1.57086e-08
1.57086e-08
1.57086e-08
1.57086e-08
0
0.00157014
2.43088
9.4872
0
0.158838
1.14433
8.66502
8.66502
8.66502
8.66502
8.66502
3.31483
0.120764
7.88062e-10
14.8981
22.694
1.15371
0.146851
125.436
1.12549
26.4836
0.0175332
11.1869
0
0.0847581
0.305892
0.305892
0.305892
0.305892
0.305892
0.305892
4.00571
17.5783
4.30908
14.2457
0.997622
0
153.615
0.376147
16.649
19.2819
19.2819
3.83123
3.83123
8.75885e-07
21.2618
5.49624
0.539255
0
0.500327
24.4354
1.78483
24.6386
6.77102
0.409131
21.845
0
4.37087
0
8.35773
46.7836
0.000175141
0
0.171939
0.940074
11.0352
1.53079
0
0
0
20.9288
0
0
9.73762
0
0
0
5.63453
9.47135
13.979
0
27.9395
2.25259
23.4221
7.50303
13.3976
1.82061
20.723
0.370555
58.7779
58.7779
73.0674
2.84349
14.5007
0.0204603
4.27648
21.0519
2.99491
0.668879
0
5.89394
0.750663
0.192034
0.00276616
85.6207
1.74008
1.06283
1.08736
42.2969
1.64934
349.488
349.488
1.92163
1.25611
1.25611
0.022598
0.0100704
91.3867
1.19098
36.8066
0
0
5.40865
5.40865
5.40865
5.40865
5.40865
5.40865
5.40865
5.40865
5.40865
5.40865
5.40865
11.6863
9.52197
0.163993
0.163993
0.163993
0.163993
10.0379
1.70093
0
0
0
0
0
0
0.000218914
0.283499
0
0.0654613
0
0
0
0
0.0513401
0
0
0
0
0
0
0.185983
0.169796
0
0
0
0
0
0
0
0
2.02246
7.75203
0.423284
7.16851
0
0.170618
1.49646
0.213924
1.92659
1.92659
60.9144
4.51505
0.776579
3.35604
0.578057
0.578057
0.578057
27.7275
5.5506
1.26152
4.12645
0
13.985
5.40338
15.8179
0
0
0
0
0
0.0350567
2.91994
0
0.807509
0.338018
0.275778
0.185635
0.0498842
0.0498842
0.0498842
8.05173
0
13.6112
1.17442
33.0366
0
0.000158373
2.59203
48.2181
1.61356
1.14275
39.1311
17.1121
2.52483
2.52483
2.52483
2.52483
2.52483
2.52483
2.52483
0.193235
0.827763
3.25616
0.129623
29.0627
0
0.0578547
2.02415
0.331543
0.545352
22.1413
3.64012e-08
0.635007
0.118859
0.118859
0.118859
8.12619
0.235381
16.8179
17.3218
32.1412
8.47123
8.40846
2.0647
0.0846363
0
0.219555
0
0
0
0
0
0
0
0
0
0
0
24.5609
40.5984
0.951939
0.512501
8.6838
0.0811964
0.0811964
0
26.4489
20.1987
1.77965
5.71268
10.369
10.369
35.9723
35.9723
35.9723
35.9723
35.9723
286.339
3.83256
1.35185
0
2.80341
20.5915
6.7427
1.74573
15.9877
0.530173
1.28128
1.28128
1.28128
1.28128
1.28128
6.64214
12.2069
2.73261
2.73261
2.73261
2.73261
2.73261
2.73261
14.8104
7.09964
2.68804
2.68804
2.68804
2.68804
4.78078
0
0
0
0
0
0.166329
9.79263
0.453251
0.000639578
0.879885
0.0397902
5.48738e-05
0.0781293
0.00598404
0
0
0.216273
1.31424
1.31424
1.31424
1.31424
1.31424
1.31424
1.31424
1.31424
1.31424
0
37.2458
5.26809
0.669372
0.191513
0.0687649
0.0687649
0.00759149
0
0.775205
0
6.71335e-05
6.71335e-05
95.385
0.00869719
0
2.86075e-07
0.152615
0
1.19387
4.83487
1.28458
1.28458
1.28458
2.28978
2.28978
2.28978
2.28978
0.0724845
139.394
30.6009
2.10466
0.293907
5.00384
9.36408e-10
9.13597
9.13597
9.13597
9.13597
0.921061
9.65251
35.1701
10.9476
0
51.4757
17.567
0.88694
0.88694
0.88694
16.3366
2.23366
11.5411
3.06969
0
4.32346e-05
0.0478413
0
1.90806
1.80902
18.4071
5.4455
7.05619
7.05619
0.793031
14.8506
3.25183
0
40.1284
4.40458
4.40458
4.40458
0.313252
0
0.320176
1.60088
1.54993
1.54993
1.54993
0.135138
0.135138
0.0202837
0
0
0.159541
0
0.00643771
0.00643771
1.04531
1.04531
1.04531
1.04531
1.04531
1.04531
1.04531
1.04531
33.9642
16.0703
0.471341
45.5169
45.5169
45.5169
45.5169
54.3654
1.97119
1.97119
1.89469
5.53776
1.91897
1.91897
0.111871
0.693565
0
0
2.52833
4.93322
0
0
2.40488
46.1315
16.9695
10.7256
5.14639
0.739929
3.87887
2.86576
1.96235
0.350962
8.90143
0.173666
2.0363
0.271728
0.185987
0.457222
5.27965
0.719012
0.134546
1.65422
0.211946
3.06493
0.859025
1.18753
0.164878
8.11962
5.07881
0.586881
22.584
0
0
28.7632
7.70945
7.70945
6.32915
0
0.260258
1.08122
0.763551
0
0.0796027
0
0.0366901
0.796204
1.66131
0
0.0416275
0.453289
1.27032
0.256654
1.84416
0.0674012
0.318661
0.0766474
0.000929553
9.51833
3.32397
22.9216
9.56642
0.196302
0.195857
1.77979
48.18
6.99462
412.925
3.33272
3.1287
3.1287
3.1287
3.1287
3.1287
57.5177
0
0
0.541032
0.541032
0.541032
0.541032
0.541032
2.92662
2.92662
0.736542
0.736542
0.736542
0.0351327
0.0351327
0.325553
5.74846
5.74846
0
1.61658
55.0371
3.63794
2.92609
14.0183
0.641278
2.04399
26.875
3.3806
0
33.7396
0
0
0.068247
0.0330966
0
0.0338239
0.0856889
0.0856889
0
0
0
0
0.0701133
0.138335
29.3014
0
0
0
0
0
0
0
0
0
0
0
0
0
0
0
0
0
0
0
0
0
0
0
0
0
0
0
0
0
0
7.44616
31.3824
31.3824
24.3607
0.212227
10.4389
5.60309
4.81492
4.81492
0.0833756
1.44298e-05
4.95351e-05
4.95351e-05
0.000170273
0.504303
0.504303
0.504303
0.504303
2.94442
20.1978
1.89637
2.63674
21.7994
0
0.0456284
1.95775
3.29621
0.0897619
0
0
0.3427
0.134265
3.13623
0.573853
5.29749
2.21544
0.568272
0
0
5.95517
6.45139
0
37.7037
5.25183
23.1695
6.90254
15.1095
11.6173
11.4816
61.0802
11.4275
5.92117
7.49364
0.532645
0
0
0
0
1.25469
0.125126
4.05264
12.0749
0.209813
2.06119
1.75329
16.994
13.8338
0.361562
1.64038
6.61646
0.165634
0.237145
1.02005
0.951806
1.57235
0.0474165
16.1214
0.54898
0
8.61421
8.61421
8.61421
1.74497
1.91911
0
0
0
0
0
0
0.983758
0.983758
0.983758
0.983758
0.70168
1.34627
1.38787
0.577369
1.64953
0.665472
0.505344
0.635156
2.148
2.148
2.148
2.148
2.148
0
0
0
0
0
0
0
0.0582119
7.16755e-05
5.25417
0
1.88875
14.2631
7.29802e-05
2.88436
9.34397
1.08409
1.08409
27.1756
23.2295
0.867821
0.300342
1.15698
0
0
0
0
0
0
0.360491
0.360491
0.360491
0.360491
1.4327
3.16131
0.123927
7.40292
7.40292
7.40292
7.40292
4.62697
0.671015
5.49721e-07
4.51336
5.04053
173.332
1.08236
0.142169
0
0.936784
0
0.503582
0.752858
0
0
0
0.048792
0
0
0
2.3475
10.0836
3.01074
43.9271
0
0
0
0
0.294902
37.3072
4.40181
4.40181
28.6762
3.97693
6.0848
19.5811
19.5811
2.83536
0
0
0
5.38936
0.696043
0.631182
0.286541
0
1.08251
0
0
7105.15
15.461
0.74369
12.3251
0
0.656073
3.4266
7.21155
0
0.547783
5.93346
5.93346
5.93346
0.846321
0.943138
15.5233
0.390009
166.765
37.1056
37.1056
1.76102
31.9261
4.14743
40.3368
13.9468
0.751932
32.3301
9.40941
9.40941
1.6496
12.1208
0
5.7018
0
0.149304
0.149304
0.0337162
0.0337162
0.0337162
0.0337162
0.437027
2.33871
2.33871
10.0744
10.0744
0.37931
18.1351
31.0335
3.60198
0.291669
0
10.4808
0
1.00421
9.266
0
0.893408
0.893408
0.893408
22.8609
10.8403
0
10.1859
0.514278
0.226561
43.1388
11.6227
11.6227
2.65229
2.58981
0.507457
0
5.98969
0.140713
0.140713
1.5889e-07
1.5889e-07
1.5889e-07
9.00092
1.43759
0.626109
0
0.0343998
2.67752
0.0427164
0
0.0374841
6.09089
6.09089
5.03134
0.408916
0
0
0
0
0
1.53367
1.53367
14.3389
0.151934
2.80136
0
0
1.41899
0
0.079382
0.0616558
0.235196
0.129475
0.880613
3.67287
2.83964
0.0824901
4.49626
0.133418
0.133418
80.0803
80.0803
0.129921
0.129921
0.129921
1.26062
37.6425
39.1009
0.839362
0
2.52751
3.08895
2.55715
1.28136
0
1.13646
3.32284
1.13512
14.3409
0.365374
0.179714
0
0
0
0
0
0
0
0
0
3.34388
13.6245
0.0181238
1.85226
1.85226
1.85226
1.85226
1.75259e-08
1.52399
1.52399
76.0201
7.84325
0.000130112
37.198
0
0.697133
0
0
0
0
0.491792
0
0
0.346542
0.00957964
1.73268
0.0502551
0.371635
8.14954e-11
0
0.331918
0
0
0.0513456
0
0
1.51334
0
0
1.1391
0
0
0
37.053
44.2952
15.9049
0
0
10.8942
0.184003
0.0592358
26.7833
0
0
0
21.6821
0.065967
0.664452
127.444
0.0483148
108.446
827.103
0
10.0044
1.58443
1.02047
0
8.03784
2.96969
0.706793
10.1238
10.2675
7.5227e-08
71.2248
8.67676
0
0
1.9992
0.184417
0
0
0
0
0.484638
2.59094
1.65416
5.32099
19.6945
3.15508
0.644075
2.88871
4.94851
4.94851
11.0884
2.87723e-09
2.87723e-09
0
0
0
0
0
0.0897117
0.24537
0.057681
0
0
5.51496
5.51496
0.669393
16.5962
5.61335
0.397121
0.825071
54.6078
19.4811
14.2824
2.49778
2.49778
56.3991
70.9902
27.8281
27.8281
27.8281
0.199578
3.07192
19.9763
3.50843
2.09749
0.78938
270.318
17.4224
17.9005
0.724077
88.3258
9.75539
1.96693
20.6583
1.03315
1.03315
1.03315
1.03315
0
0
0
0
0.114688
0
0
2.02169
2.02169
0.321461
3.05689
0
0
2.36037
2.02815
0
0
5.35072
13.7555
5.50324
0
813.533
93.1331
55.3562
77.0236
0.835018
0.835018
39.6561
0.104384
0
0.482236
89.7326
2.43899
0.234402
1.22345
1.22345
1.22345
1.22345
1.22345
1.22345
0.800466
1.47613
4.81775
1.35606e-06
0
0
0.0168805
0.0168805
4.80643
16.277
0
0
0.90875
0.344631
0.942034
0
0
2.65908
2.65908
17.7446
28.1433
16.337
3.87125
0.751071
0
12.1547
0
0.455254
67.5466
0.286938
0.00102005
6.25688
6.25688
10.1489
3.74754
0
0
0
6.45034
12.4886
2.66565
0.154824
0.154824
0.154824
0.443835
3.17736
3.17736
0
0.0688265
0.0201671
0.0900573
0.0900573
0.0900573
0.0900573
0
2.43342
1.70625
2.21261
0.435341
40.391
0.194816
0.565772
23.0195
40.0224
1.24327
10.0192
0.352225
0.0416902
0.0416902
0.0416902
0.042871
0.282076
0.282076
0.282076
0.282076
0.282076
0.282076
84.7421
1.4576
0.568536
0
6.29025
71.3872
3.4895
0
0
0
1041.08
183.728
183.728
0.218003
0.218003
23.4149
0.010385
1.76708
26.7721
14.5818
17.9078
3.25932
3.25932
0.069
0.291134
0.291134
0.291134
9.68789
9.68789
0.885959
1.1495
0.0475096
159.064
3.31141
3.31141
3.31141
0
0.111636
0
12.2086
0.993009
2.25143
0
0
0
0.240001
5.6893
0
5.15263
0.538996
0.463744
1.05109
8.18272
1.32457
1.32457
0
1.3988
1.83857
8.66563
1.00649
127.991
6.09871
8.08799
10.7907
0.524135
2.2088
6.43939e-08
0.569766
0.114036
0.114036
0.114036
0.114036
0.850742
1.60331
0.183167
6.52683
6.52683
0
0
0
18.8099
0
0
0
0
0
0
0
0
0
0
0
0
0
0
0
0
0
0
0
0
0
0
0
0
0
0
0.073711
4.0423
4.69054
0
0.331386
0.550521
3.48625
0
0
0
0.000621599
0.14206
0.322704
0
6.23186
10.3439
30.5409
6.2138e-10
6.2138e-10
21.593
5.40042
0
23.4312
55.4514
12.4147
3.2248
3.2248
1.47363e-08
8.89033
0.254368
0.310985
0.180388
6.77574
6.77574
6.77574
6.77574
32.2562
53.7344
14.689
0.237254
9.18115
9.18115
5.03421
0.251711
28.3917
1.03681
1.03681
0
83.1081
1.79371
1.87681
1.40359
0.98359
1.81209e-09
7.34596
4.88214
0.723751
7.09542
4.79123
1.63298
1.16613
1.54551
5.39457
14.0332
0.161746
0
0.298636
22.5125
0
0
0
0
0.736088
34.3247
0
0
74.2822
34.1143
97.9664
0.00912642
0.00912642
1.5811
1.5811
1.05426
4.56903
27.9885
0.485285
0
9.23265
68.4849
8.18464
7.55695
3.34453
8.71025
1.03886
2.65916
5.37842
1.81973
1.81973
0.805149
6.65469
0
62.314
0
0
0
4.70749
0
62.7848
2.22525
2.22525
2.22525
3.04555
3.6834
26.2604
2.75656
2.75656
2.75656
8.10038
304.534
4.48811
0
0.0339322
0
0
0
0
0
3.02875e-07
7.00806
17.2478
18.726
0.721522
1.33368
0.557572
0
1.69275
64.9795
37.6736
4.45372
4.45372
3.81329
0.0214016
19.9325
18.5669
0.542917
0
0.823969
32.6178
7.44455
1.71319
0
0
0
2.03899
2.03899
2.03899
6.27131
0.0997963
0.0271252
1.71573e-09
0.466341
0.466341
0.466341
0.466341
0.466341
0.374488
0
7.76877
0
0
0
0.936627
0.936627
0.936627
0.936627
0.936627
0.936627
1.54377
1.54377
0.0705428
0
0
11.3097
5.09367
0
0
0
0
0
4.43196
9.81389
0.708326
228.881
10.3215
15.8401
19.3244
12.2891
30.3276
0
0
18.6563
144.019
0.178639
0.178639
0.0268565
0.0268565
11.0947
0
0
0
3.6164
14.2918
10.0048
0.00158121
0.00158121
0.00158121
10.2599
23.5144
0.0777334
2.12413
2.44133
2.44133
1.31118
8.0105
2.50039
2.50039
2.50039
2.50039
1.47994
0.846262
0
0.307796
1.30049
87.3622
26.1304
0.217685
96.9123
17.2294
0.382472
44.7954
44.7954
3.5907
8.69421
6.39603
0.684891
3.74218e-06
0.142038
0.145461
0
0
0
0
0
0
0
0
0
0.393405
0.631712
6.65568
9.10308
5.39353
2.68212
0.757147
10.5642
10.5642
64.4214
0.156363
0
0.153708
76.6839
17.8542
17.8542
6.96924
0.259239
9.21614
9.47123
20.9557
7.07141
15.5652
12.1239
5.72762
14.8795
1.63088
2.34409
0
90.9815
15.9806
0
0
2.1781
2.1781
2.1781
2.1781
0
0.602612
0.602612
0
0
1.04956
0.365027
0.365027
0
1.07959
1.07959
1.07959
1.07959
1.07959
3.51612
9.55224
23.1519
14.4525
56.8759
56.8759
56.8759
56.8759
56.8759
40.2252
6.20326
3.15299
0
0
11.9016
613.108
0.23083
0
1.93064
7.64091
0
0.349577
0
0
0
0
1.00961
15.7797
0.896784
0.896784
0.896784
0.0523049
0
0.106957
0.399675
0.399675
0.399675
0.222847
22.7135
71.5301
2.77315
0
0
0
0
0
0
17.9959
2.48511
3.38462
0
0.204104
0
1.1039
1.1039
1.1039
0
0.161402
0.446894
0.486412
27.7985
0
16.0447
0.173083
1.33537
2.6805
0.150588
1.0435
6.22691e-06
0.00199401
0.0183595
0.00452763
1.92844
0.0388498
0.0388498
0.0388498
0.0388498
0
0.147952
1.60866e-05
33.1396
0.0606535
0.0606535
0.289582
0.0511138
0.167223
0.620558
0
0
0
0
1.92055
0.376538
0.490347
3.53125
3.53125
3.53125
0.115708
0
12.4046
0.19818
1.10617
0.0454833
0.225592
1.31413
0.566493
6.72636
9.18134
0
0
0
0
0
0
0
0
0
0
0
0
2.60378
1.25594
0.389631
5.58455
5.58455
5.58455
6.63784
6.63784
0.574492
0.143742
0.143742
0.143742
0.143742
0
26.9175
0
0
25.3448
1.36586
25.1337
0
0
0.527762
4.62036
0
0
27.2463
0.507235
12.5589
42.2282
47.5297
0
1.45455
0.808866
0.966636
0.339863
0.339863
0.339863
0
130.822
20.6695
2.3319
1.08223
5.88982
2.02835
296.141
0.018472
13.3132
5.06949
0.405981
0.405981
0.405981
0.405981
0.405981
0
0
0
28.5512
0
0
5.42741
26.6625
26.6625
26.6625
26.6625
26.6625
26.6625
0.537524
0.537524
0.537524
0.537524
0
0.0293128
2845.54
31.9109
59.6347
9.65774
4.68851
0
9.89709
2.35405
1.59693
1.54977
0.0816247
1.04463
0.533869
5.08613
26.1044
44.5721
1.86292
1.86292
14.0535
60.6094
0.514032
37.6335
4.47087
0.0264866
0
8.06184
14.0647
5.44228
0
0
0
0
0
0.0157393
11.4827
4.88026
4.88026
4.88026
4.88026
4.88026
3.86851
3.9316
0
0.143302
0.546451
44.7243
2.83457
0.178865
1.92787
5.79359e-07
1.70249
0
62.5543
16.861
3.21147
15.4253
6.04157
5.43871
0.41251
334.534
2.73242
1.86843
75.3223
0
4.24419
0
0.120243
0.110414
0
0
0
0.101576
0
0
0
0
0
0
0.357089
0
0
0
0
0.204847
0
0
0
0
0
0
0.59915
0
0
0.0418035
0
0
0.190185
0.554647
0.380263
0.0510528
0.0510528
0
0
0
0.723795
1.21915
4.11266
6.38786
0
0.0501583
0.0982347
0
9.08112
32.6921
13.8431
8.36583
11.0206
0.105222
0
10.7052
0
0
0.00758261
0.0381537
0
0
5.30036
1.37955
6.17754
0.636605
0.636605
1.99945
0.0255199
28.4071
0
9.87183
7.56894
0
0.0212902
1.1965
0
0.113182
7.36316
38.1858
4.92958
3.87253e-08
4.32298
0
0
1.24295
0.41159
0
0.578719
5.60842
0.479486
5.33033
0.000631924
0
0
0
0
0
15.4266
0
0
0
0.0887494
0.633703
0
0
4.62343
1.12299
0
6.03273
5.85848
1.88776
0.619635
1.88646
0
0.950316
0.950316
11.4529
22.4719
10.4286
31.0065
0.118992
84.6325
32.6023
4.01113
39.6083
10.6092
10.6092
4.77628
26.6564
0
0
0
0
0
0
48.0779
22.3896
40.7301
4.98767
4.98767
1.6281
0.840518
0.470131
0.00100755
1.4504
28.8748
6.972
29.9343
0
0.707414
0.818261
0
0
6.06666
0.570434
0.13252
20.88
0.350102
24.8404
0.462453
6.7452
0.287744
0.287744
0
7.60541
7.60541
7.60541
0
0
0
3.89465
0.361654
0.361654
0
0
1.88804
0.517964
0.517964
0.517964
2.1481e-08
0
0
1.06409e-09
4.46905
6.33093
1.52659
0.62752
27.7024
49.0357
1.3052
0.336906
8.10698e-06
8.10698e-06
0
2.2212
633.662
0
387.178
7.59123
7.59123
7.59123
6.59055
0
0.0279703
0
0
0
0.0626124
3.32812e-10
0
3.34796
3.34796
0.234104
0
1.41393e-07
3.42667e-07
1.49188e-05
3.02286e-09
1.22791e-09
2.45411e-07
0.373285
2.28829e-05
0.532807
0.339812
4.10457e-09
0
0.790593
3.71179
8.09865
1.01612
0.0583035
0.325677
0.00554643
0.00554643
0.124642
0.352026
14.0002
0
0.0231186
0.109656
0
0.311764
0.16932
0.000330216
0.708491
0
13.8801
3.75663
21.4894
6.95798e-07
2.1366
0.928378
9.4289e-07
0.230435
0.792402
1.43354
4.31486e-08
0.0721027
0.127416
77.3855
5.54631
5.54631
5.54631
5.54631
0
0
74.4301
74.4301
25.8973
25.8973
11.4064
0
5.04587
5.04587
0
60.7196
4.27208
95.7421
0
33.7214
0.257227
0
9.75308
9.75308
0.558997
3.27379
3.69865e-10
0
0
0
0
0
0
26.7907
6.7011
7.25645
0.0860226
32.0784
24.7326
6.52371
6.52371
0.584298
1.97384
0
3.7114
2.83021
0.107242
0.107567
2.30996
1.0187e-09
12.0508
19.6547
1.37433
9.44203
1.29865
21.734
2.83733e-06
2.83733e-06
2.83733e-06
2.83733e-06
0.587802
7.01349
1.80919
1.80919
1.80919
1.80919
1.80919
1.80919
1.80919
0.520256
0
0
4.49901
4.49901
4.49901
4.49901
3.55673
3.55673
3.55673
3.55673
0
0.0168379
0.0168379
0.320767
0
0
0
0
0
0
0.0191584
3.88538e-06
0
5.81286
18.8083
4.9164
17.6633
1.94363
0
6.35032
2.23629
3.48264
3.48264
3.48264
0
0.0086736
0.0086736
1.1598
3.45166
0.220581
0
0
0.355099
1.87103
11.9261
400.087
0
0
0
0.566929
0
177.686
0
0.400194
2.91506
2.91506
13.3748
0.644253
6.48855
2.1214
2.1214
2.1214
2.1214
2.1214
2.1214
2.1214
2.1214
119.599
2.9605
0.847369
0.834978
1.46528
0.388542
0
27.9413
0
0.100493
2.01765
0
0.779563
0
0.0130769
3.10151
4.68917
0.682701
0
0
0
1.96097
1.13087
0
2.17353
3.80376
10.7377
4.00765
6.13731
0.803667
2.82241
0.480857
1.63917
11.401
2.41607
2.41607
2.41607
1.65638
0.510216
0.510216
0.510216
0.510216
0.510216
0.510216
0.510216
16.0851
16.0851
14.9828
0
3.39341
3.39341
0
2.65745
0.170673
0.170673
0.170673
0.170673
1.84913
1.84913
1.84913
1.89428
17.9178
4.0991
1.99217
0.0824901
10.691
3.94133
0.482109
0
3.16293
0
7.66966
7.66966
7.66966
0.313856
2.22025
3.67169
4.18177
0
0.0587236
3.86514
3.86514
1.4834
141.39
1.41414
33.4095
17.468
0.182325
0.182325
7.65067
0.366642
3.30636
9.57221
0.791314
0
2.29278
0
0
0
0
0
0
11.7072
2.47239
2.47239
2.47239
0.636021
4.18393
15.864
61.7333
5.95486
5.95486
5.95486
5.95486
5.95486
48.0325
10.4184
0
0.480379
0.480379
4.42388
4.42388
4.42388
4.42388
4.42388
4.42388
2.33154
2.33154
0.243872
1.90455
6.84624
0.560002
2.02289
0.000252284
6.64816e-06
6.64816e-06
20.403
53.4674
2.66437
2.66437
1.16086
0.693764
2.82805
2.82805
2.82805
2.82805
2.82805
8.61323
0
0
0
0
40.2333
1.57275
30.556
0.919919
0
0
9.20319
0
7.41964
0.520448
0.520448
0.520448
36.9222
33.3443
1.19815
13.4309
18.6097
18.6097
1.0008
1.0008
8.44961
8.44961
0
1.42917
1.42917
1.42917
1.42917
1.42917
1.61338
0
0
0
0
0
0.521253
0.521253
0.521253
79.3596
1.71265
1.71265
1.71265
1.71265
1.71265
1.78984
9.30048
11.3826
50.4086
47.5146
47.5146
0
0
0
0
0
0
0
0
0
0
0
0.0260121
0
0.745955
0.0969007
0.0969007
2.3317
0.0595741
0.0595741
0
0.424027
167.12
167.12
13.929
0.125756
3.65659
62.9546
0.221207
0.0673856
0.043231
0
0
0
0
0.00156186
0.225279
14.9614
0.403142
1.62656
1.49806
0
0
0
11.0999
13.0729
90.0075
25.7379
8.0866
0.28554
1.55289
4.80357
6.50167
0.38222
0.220484
0.00225565
0
2.45994e-09
0
0.980101
0.504337
1.76109
73.5104
13.4911
1.34874
1.34874
1.34874
1.34874
1.34874
1.34874
1.34874
7.8008
5.20114
41.1982
0.788077
0.556158
6.81609
0.278511
48.9684
0
6.45233
0
0
4.92229
5.79279
0.310131
4.17181
1.08964
43.8401
0
0.790513
38.653
4.41045e-06
14.1629
0
0
0
0.282655
0.590803
0
7.67233
7.67233
0
0
0
0
4.36203
15.5119
15.5119
15.5119
146.974
9.0331
0.170343
17.8224
4.57981
30.719
11.9228
1.01199
20.8503
20.8503
0
0
1.51255
0.382285
13.7809
6.62003
6.62003
11.7857
10.8845
6.14674
4.84424
4.84424
4.84424
4.84424
0.1635
5.68447
1.66257
14.49
0.0130281
0
0
12.9468
14.5129
0.125928
0.147125
19.9237
19.9237
19.9237
11.2206
0
19.7085
57.0723
0
0.0375757
6.99944
17.3336
1.11331
4.47039
0
0
10.5885
0.695128
3.31746
32.7078
0
0.134504
4.42326
0.249946
0
0
1.73509
18.3657
1.30815
1.30815
11.1484
0
0
0
0
0.0147805
0
0.694769
0.424808
1.19226
0.486436
0.486436
0.486436
0.586867
0
0
0
6.95413
6.95413
6.95413
6.95413
0
37.9947
22.1426
1.90824
1.46029
1.46029
1.46029
1.46029
1.46029
1.46029
1.46029
6.91782
17.8311
15.473
0.92708
10.5872
10.5872
0.00226062
0.00226062
0.00226062
0.0211778
20.6419
0.220115
0.627828
1.51299
2.68491
3.7265
8.88859
4.35464
0
1.85078
0
11.6839
0.386291
0
11.6432
11.6432
1.38592
4.467
29.2022
29.2022
33.0184
10.7171
3.2687
6.35383e-06
30.5487
30.2153
0.861074
0.622985
0.465695
186.022
11.1071
35.0281
148.041
14.3912
5.94443
20.0671
29.6254
3.26434
0.123449
67.6654
8.38154
8.38154
14.594
0
0.984125
0.273945
4.82507e-10
1.33875
17.0461
0.761549
4.17353
0.809928
0.079419
9.45696
1.61531
1.61531
1.24131
0
0.314407
0.205248
6.67234
0
0
0
1.51961
0.396264
4.30045
1.53406
0
0
1069.48
0.251544
0
0
0
0
0
0
0
0
0
0
90.1112
7.03238e-10
2.36672
1.30609
1.30609
6.9544
6.9544
6.9544
6.9544
6.9544
6.9544
71.4475
1.38902
361.332
549.855
190.527
190.527
190.527
190.527
1.27222
2.57803
2.98095
3.7456
3.7456
0.588505
6.86026
6.86026
2.09559
14.1777
2.7581
1.65379
1.45733
9.59838
0.0317313
28.3534
0.849065
1.02447e-08
13.3421
19.0022
19.0022
19.0022
19.0022
21.4827
21.4827
21.4827
1.84343
12.1974
12.1974
0
3.41544
7.81483
13.2019
0
0
0.131114
0.154475
0
0
0
0.0524759
0
0.0608972
0
0
0
0
0
0
0
0
1.87306e-08
0
0.0643398
0
0
0
0
0
0
0.06059
0
0
0
0
0
0
0
0
7.76422e-05
0
0
0
0.357445
0.806684
0
0
0
0
0.0230705
5.04989
17.5577
7.41628
0.645462
1.86729
0
0
31.9748
5.19495
2.67172
0
2.03176
15.4887
21.5723
150.523
29.8248
0.709743
0.122698
0.122698
0
1.98575
4.64587
86.9317
86.9317
1.62478
0.190279
0.000256381
22.0856
22.0856
3.90336
4.19018
4.19018
0
0
0.0184277
0.349832
0.699135
1.01933
0.355084
0
2.82095
2.82095
1.545
0
6.08855
151.381
4.7277
24.9375
24.9375
24.9375
12.3526
24.332
0
18.2568
0
0
5.65639
16.9105
0
0
27.9806
2.32394
3.27286
27.1843
21.2588
1.58147
0.398366
0.714012
0.386911
5.77104
1.65331
10.4593
0.267285
8.71815
9.08303
45.2555
0
0
0.668518
0.225804
0.208941
41.7778
2.16247
5.54184
5.63558
91.6196
10.6405
0
1.12262
0
1.79488
4.19452
17.9378
6.80571
0.745662
0
18.2867
3.58896
26.3442
0.641762
0.0278281
21.3662
0.105195
0
0
0
0
0.0262162
21.8661
6.31395
1.41417
0.208768
22.9264
6.92995
0
4.98811
120.403
0.107423
16.5708
0.0322932
0.0264283
0.464131
5.69155
0.123493
2.09829
0.0203489
0.824989
0.856507
0
0.998505
0.257972
5.21244e-10
2.00781
16.253
26.7206
11.934
11.934
27.7555
0
4.82848
4.82848
4.82848
4.82848
14.0844
0.0930303
3.54777
11.079
11.079
11.079
15.4435
17.0336
0
0.511225
0
1.10068
0
0
0
3.20989
0.0277743
31.113
0.232848
0
0.0290475
0
0.78446
0.441102
0.441102
0.441102
0
0
0
0
0
2.20489
2.15556
1.20558
0
2.08171
7.298e-07
1.44022
4.39522
1.3021e-06
0.0918976
18.8094
75.3018
1.94069
94.3727
9.191
9.191
9.191
9.191
9.191
2.93141
0
0
9.73553
0
0
0
0
0.951163
1.87937
0.602426
1.01904
0
0.966334
11.0664
6.83184
2.61799
35.1827
1.08003
2.28223
11.3135
0.609402
21.2747
0.00962773
0.773309
0
0
0
0
3.41476
10.0459
0
0
0
0
0.4757
0
0
0
2.70408e-09
0.868731
0.35244
0.138959
0.997044
18.3084
5.25878
0.226693
5.13504
5.13504
5.13504
5.13504
4.60792
8.94627
8.94627
8.94627
8.94627
8.94627
8.94627
8.94627
8.94627
8.94627
8.94627
8.94627
8.94627
0
0
0
0
0.0402123
0.185779
1.60058
0
0
0.000331864
0.015129
0
0
0.19824
5.07689
11.1598
78.9347
1.84391
31.1984
19.5995
1.5279
0
465.628
0.187335
0
0.431918
0.584478
17.0673
17.0673
1171.76
1171.76
123.626
123.626
35.6855
35.6855
3.09214
0.0760805
3.45019
0.311265
0
3.22882
3.22882
3.22882
0
7.73032
0
0.109347
15.3572
16.3267
1.47385
0.120389
0.290987
0.290987
4.31202
3.37656
14.4481
1.18824
3.92362
0
2.75165
0.414
0.869189
0.600737
110.868
3.2112
40.2733
0.262193
0.262193
7.75125
0.875088
3.57979
3.57979
3.57979
3.57979
60.3077
71.9965
71.9965
71.9965
4.66208
33.2961
13.1295
7.47219
0
0
0
0.0272499
0.0272499
0
0
0
0
0.0359932
13.512
2.78498
0
0.291744
0.291744
0
0
0
1.22361
0.0844505
0.960445
5.87545
0.00506601
0.00506601
0.825534
40.1002
0.372697
4.39956
7.70329
8.07072
8.07072
8.07072
8.07072
44.6477
2.47878
20.0265
1.12409
0
0
0
0
1.15789
1.15789
1.15789
1.15789
0
0.138802
12.9573
1.12456
7.98985
0
0.0533582
0
21.8541
0.177169
25.2845
7.66975
7.66975
6.15755
2.09608
1.11592
4.14203
9.76742
0.904656
0.904656
5.07747
5.07747
0
0
0
2.60015
28.7068
13.5858
3.744
0.117775
2.65179
2.40868
11.8499
5.89681
5.37585
5.37585
5.37585
0
0.0922475
0
4.55666e-08
0.141914
5.6503
0.145907
0
0.0226972
19.6719
19.6719
19.6719
23.5714
43.4319
10.0586
2.91723
2.91723
5.73229
3.16723
1.13573
1.13573
1.13573
8.86095
0
0
0.294478
0
0
23.3538
0
0
2.58212
117.426
0.104152
0.282764
0.171608
5.97216e-06
10.2159
1.93179
28.7906
19.6797
5.03464
5.33009
0
0.0867115
0
0
0.176323
0.804401
7.88384
0
0.0497465
0
0
2.62116
0.0672638
1.30452
7.54187
0.143433
0.784712
0.733682
0.59481
0
0
0.124889
1.59782
3.12721
3.12721
0.157129
0.521901
0
1.04344
21.7322
0.515684
0.515684
0.515684
0.515684
0.515684
0
0.186895
0.000103894
0
0.0188522
0.0188522
0
0
0.403987
7.54091e-10
36.8041
6.12827
0
1.01583
3.67774
0.0256049
1.69134
0.308112
0.84347
3.14044
0.772162
5.92874
1.63378
1.63378
1.63378
4.61398
0.981503
0
0
0
0
15.1124
15.1124
10.8446
1.46464
0.091815
0.091815
0.091815
0.091815
0.091815
0.335679
0.309889
870.081
0.466184
5.49029
1.08592
0.0424488
37.9579
0.674717
57.6191
39.6899
10.7203
10.7203
1.24746
37.1206
5.99496
0.0914224
0.556964
5.89341
0
14.5706
60.99
26.1141
79.9203
79.9203
165.673
0
0
0
53.4723
6.23128e-10
1.08689
0.305039
3.5994
0
0
20.14
0.243924
9.74339
1.64993
110.633
0.10407
11.8647
20.9865
0
20.6166
99.8236
3.00878
4.51944
0.458659
8.53334
6.89626
19.8471
13.4658
0.740305
9.12675
9.12675
0
77.9955
7.73479e-06
0.0808351
0
0.16695
3.88853
0.48312
0.291067
0.149374
12.8989
12.8989
0.291942
0.291942
0.291942
0.291942
21.5172
2.55583
6.81504
21.4141
21.4141
16.4884
1.72692
20.606
2.11547
0.451078
33.1648
3.55936
0.638215
8.20823
8.20823
2.26756
7.84757
0
0
0.182845
0
0
0.0256049
0
0.827062
1.83613
9.21178
11.5019
0.92792
1.98831
13.9277
16.4806
17.3364
1.47701
1.77537
3.1321
0.139111
18.402
3.33929
4.09909
8.06308
3.33857
3.33857
3.33857
3.33857
13.9681
0.000794611
0.000794611
0.000794611
0.0452584
0
0.00068893
5.02108
3.6612
0.00157043
12.9869
0.308913
0.294499
27.0734
8.991
18.136
29.7295
53.5291
53.5291
2.47543
9.60278
0.325264
0.222915
0.206145
0
0
34.0597
0
0
0
64.7034
0
1.41701
0
2.7816
2.7816
2.7816
0
1.48646
0
2.35932
0.067956
1.60445
0.237205
0
63.3428
0
0.141174
0
0
0.0719068
0.0719068
3.97068
8.67325
1.1374
1.1374
1.1374
85.2102
0
46.7094
46.7094
46.7094
46.7094
19.8186
19.8186
19.8186
19.8186
0
0
0
0
132.659
109.975
8.18756
27.2076
13.1958
0.420294
5.47059
12.5802
7.14207
2.58976
2.58976
86.6979
1.71378
0
0.585495
30.1999
0.127467
7.2421
0.269997
0.31008
0.00990184
122.003
150.763
2.10553
6.8843
0
0
0
0
0
0
0
0
0.026245
0
0
0
0.0503311
0.000935859
0.0503311
16.4032
16.4032
1.52911
1.52911
0.36843
17.8582
0
0.544554
0.544554
0.544554
22.4484
280.087
25.2522
16.3074
0.0553857
23.0204
2.57849
0.487303
19.8611
0
1.71402
20.0035
10.3803
8.18878
0.637496
12.6885
127.905
0.145661
0
0
0.0504305
0
0
0
0.0306138
0
0
0
0
0
0
0.0232201
0
0
0
0.085694
2.8421
2.8421
6.30466
187.402
0.556623
6.46433
0.323287
0.0957405
3.60407
1.88573
17.931
0.506089
8.85693
0
7.14468
3.50278
0.661825
0.495935
2.53072
0
0
0
2.75495
0
0.633951
0.211317
0
2.86567
3.13053
13.7694
0.364402
0
0
63.8337
98.6736
9.34968
5.59008
0.55935
2.12172
2.21786
1.69179
0.800619
82.6013
20.3122
19.8369
0.300678
4.76873
0
1.40088
52.9948
79.7052
9.47262
9.47262
47.1199
160.733
0.190658
0
1.29926
3.01841
3.15191
0.778866
0.778866
2.90753
0
2.64171
0
17.5058
0.0471427
1.37445
19.2416
3.78402
0.0749909
0.0749909
33.9741
10.3047
0.303059
42.2527
1.60939
1.60939
1.60939
1.60939
1.60939
1.60939
320.604
5.21806
0.634339
11.1613
3.65545
0.137102
8.93833
3.69936
27.6518
27.6518
27.6518
5.06354
5.71323
0.797611
2.25158
0.146125
0
0
0.102591
0.0674802
42.4599
4.86832
0
0
0
0
0
0
0.348031
17.5236
1.01032
13.5804
23.7654
0.840197
0.840197
0.350467
1.72445
0
2.65496
11.4732
0.558944
0
0
0
0.433812
0.21362
1.56569e-07
1.56569e-07
0.096486
23.9555
0
0
0
0
0
2.79798
5.74765
0.340493
1.70929
0
0.320217
0.0470613
1.51286
3.86815
0.565948
0.847704
1.1501
0.124292
4.50371
6.35136
0.523702
0.0973932
0.0973932
0.0973932
0.0973932
0.0973932
7.07928
7.07928
10.5644
145.868
0
0.852285
0.222061
3.4061
0.060981
0
0
15.878
991.099
164.211
0.131504
3.67168
0.106678
7.73714
3.17563
2.11946
3.59845
1.47301
0.121716
6.19792
0.999648
0.0692422
0.0692422
0
21.2037
8.26207
1.41981
7.52404
1.38035
1.38035
1.38035
3.3577e-06
0.0207101
52.2165
0
4.12782
4.12782
19.5073
18.2073
85.7524
18.911
1.58724
1.58724
0
0.265841
0.506296
0.506296
0.380667
4.94962e-08
0.632047
23.4771
3.33188e-06
30.7142
0
0.813201
1.36524
0.166951
0.307228
5.94749
27.6547
19.4628
3.87493
8.65246
0.820568
0
0
0.122937
0.269322
0.256961
12.0711
0.906759
1.11978
0
0
0
24.6065
0.447339
0.056104
3.73459
4.11852
47.7573
7.74586
7.74586
7.74586
7.74586
7.74586
7.74586
12.249
705.855
27.3088
0.069
0.143288
0
0
0
0.155224
1.29775
0
0.193467
24.2917
12.5876
4.50487
4.67429e-10
0
0
0
0
0.0280127
0
0.324951
2.80438
0
0
0.882252
0.882252
0
0
0
0
11.9951
0.702776
26.36
0.858549
0.397718
4.55681
4.20888
14.4495
31.799
36.1515
18.5229
9.21903
9.21903
6.23335
6.23335
0.810912
32.833
6.97985
9.1303
8.15141
0
0
0
0
0
0
0
0
0
9.27978e-08
0.0584666
0.0496058
0
6.38911
6.38911
6.38911
6.38911
6.38911
2.03746
17.1849
0.0181211
0.159468
0.347919
14.0118
15.811
0.269851
0.269851
0.269851
0.269851
16.3228
0.547893
136.173
0.455792
0.644819
0.317625
338.158
0
0
0
0
0
0
0
0
0
0
0
0
0
0
0
0
0
0
0
0.17835
0
0
0
8.40172
14.8128
0
0
0
18.1652
7.16439
19.2275
3.4706
0
0
0
0
6.47579e-05
0.42574
7.11283
2.04449
0.855095
0.997075
2.84967
2.38961
4.72109
4.72109
0.795591
2.83704
20.7883
3.13273
0.434882
3.99958
3.99958
0
0.204477
0
0
0.140862
0.000259053
0.387122
0.0511193
0
0.636116
1.64998e-10
0.204647
0.204647
0.204647
0.712005
0.448664
0
0.0661933
0
0
0
0.102827
0.0697952
0.068858
0.103287
0.0341235
0
0.068858
0.103287
0
0.034429
0
0.275432
0
0
0
0
0
0
0
0
0
0
0
0
0
0
0
11.8068
0.341467
377.817
12.9832
37.6335
0
0
195.657
54.4695
1.02429e-06
158.47
8.0173
3.60434
0.029198
0.507332
0.418279
1.85199
0
0
0
0.272534
4.46612
1.04659e-09
1.04659e-09
0.579348
12.4927
0.00138621
41.4842
6.53741
5.94692e-07
5.94692e-07
236.726
1.98321
0.355999
0.0672846
0.0187648
12.4107
3.36863
3.35139
8.64968
4.12048
0.0279299
0.0933618
3.67515
0.497377
1.70908
3.87308
4.10294
14.1152
0.00572637
1.25481
8.43258
6.70889
7.08277
7.08277
8.8748
52.478
10.1683
1.66884
0
23.722
0.223382
5.75617
44.0942
1.08785
1.74271
2.6599
142.676
6.65019
0
0
3.66274
1.95763
188.01
1.4543
32.7346
4.26399
4.26399
33.703
0
1.55537
1.55537
1.55537
1.55537
1.55537
1.55537
3.77397
0.941317
0.0822087
12.6194
29.9126
160.295
0
0.73796
0
0.664833
0.344114
0.113933
0
0
20.9124
21.5101
21.5101
21.5101
312.349
10.5139
2.19841e-10
0.75408
1.00325
26.8144
1.5405
0
0.977853
108.275
11.9338
30.0379
7.24907
0.00452987
102.064
44.712
3.12802
3.12802
3.12802
1.31213
86.5648
2.32597
5.0436
5.0436
5.0436
55.6847
5.80467
5.80467
10.416
8.6711
3.03094
2.51131
1.08575
1.08575
6.23014
601.263
0.320088
0.0984296
0.0984296
0.0984296
58.3702
0
1.04395
0
0
17.8916
0
0.658686
0.50779
1.34112
0.0575731
5.90992
7.43831
7.43831
7.43831
7.43831
0
0.982394
4.46748
4.46748
1.47463
1.47463
1.47463
1.47463
26.0452
26.0452
26.0452
26.0452
26.0452
26.0452
26.0452
26.0452
147.39
37.1209
71.2018
0.134891
7.6603
9.83708
1.57365
0.278075
0.278075
0.278075
0
78.008
1.73987
2.41277
2.41277
735.985
1.37984
1.37984
1.37984
1.37984
1.37984
1.37984
1.37984
0
0
5.64216
7.33093
7.33093
7.33093
8.40737
21.1529
5.14753
2.53478
0.0763156
0
0
1.1475e-10
1.1475e-10
0.257795
29.9194
19.0217
19.0217
19.0217
46.4667
0
20.6405
42.2106
0.383613
0.383613
0.383613
26.2323
1.25625
0.717669
45.2225
51.759
31.0943
12.14
0.501527
2.38992
0
19.2063
0.0519679
0.0519679
0.0251857
1.10293
15.1932
15.1932
40.9971
4.54124
0
0
0
5.93512
426.495
1.93401
17.4811
10.848
0.0387603
0.00346846
0.14863
7.74309
5.4046
5.4046
1.63047
0.505301
0.505301
0.505301
0.505301
0.505301
0.505301
0.505301
0.221169
0
0
0
0
0
0
0
0.00400363
0.00400363
0.00400363
0.241655
0.241655
7.18611
7.40931
0
89.617
1.02084
1.22683
11.589
20.5045
6.6103
0.220983
4.45449
0.763447
0.161304
0.673524
0
0
2.72617
6.95523
2.97684
9.15556
10.2779
69.7492
657.156
657.156
7.92098
23.5153
0.54319
55.2868
12.5541
4.8323
4.8323
4.8323
4.8323
2.13348
11.8093
0.759739
4.3821
4.3821
19.8348
0.0710222
6.62477
27.5038
50.6799
0
0
80.9971
0.00822538
0
0
3.5247
3.99321
33.1605
26.3803
6.82699
6.82699
0.296285
0.426856
1.48993e-07
0
3.92524
0
9.61606e-10
0.390866
8.99549
1.22175
30.6987
0
0.70859
0
0
0
0.150455
0
37.5356
0.0430188
827.426
3.30542
3.30542
3.21938
2.5272
2.5272
2.5272
0.590561
0.590561
0.333832
30.0564
0.0389061
0
8.51023
7.59316
2.27181
16.7316
53.6477
268.049
15.1044
4.11029
12.8594
45.9659
1.68272
2.9686
12.8007
6.54744e-09
27.7297
0.0611907
0.402006
1.71738
0.844918
0
0.824689
1.80881
0.659887
24.9191
4.57175
0.494905
1.02587
17.3928
105.942
2.37537
155.908
0.836823
8.44207
0.2449
47.5059
112.992
2.90805
0.360772
37.3895
0.702494
0.0449077
34.3213
42.7005
0
0.260769
0.363056
0
0.695646
0.438878
0
0.149903
0
4.93206
0.135035
15.36
8.27419
8.27419
8.27419
0.137465
8.44849
0.45647
10.8895
4.28834
26.8642
101.869
4.88947
0.081517
0
0
0
0.0568912
0
19.3953
2.3691e-07
0
2.03371
194.622
1897.92
9.61907
9.61907
9.61907
33.659
156.618
31.6308
14.4958
17.892
24.3329
7.23991
31.7936
0
3.76845e-05
0.0981083
0.0981083
48.4742
44.821
11.0817
0.549768
1.28279
55.4797
6.26829
1.87408
1.87408
0.157412
0
0.265914
0
0
0
0
0
5.22358
5.54536
2.2485
2.53392
0.0220585
0.0609852
0.0662369
0
0
0.478156
0.694981
0.880677
8.48036
3.20095e-09
3.20095e-09
0
0.439501
1.64813
1.13013
0.0673516
18.5551
14.5262
16.8465
10.3164
8.0767
6.59198
45.7679
3.05124
9.01971
52.5437
13.9115
7.32638
0.636446
0.25806
3.61594
0.903369
1.43007
1.12762
11.3932
0
41.2996
0.118213
4.72638
6.31031
13.199
7.58353
0.161189
0.152764
2.1887
18.2954
3.79403
3.79403
3.79403
0
0.325391
0.491494
0.106329
3.03083
7.71159
5.76865
4.4075
20.9953
4.019
9.20011
1.76054
1.76054
1.76054
22.3775
1.1745
0.883843
0
1.39132
1.03421
1.31279
4.77726e-09
6.72508e-06
6.58867
5.64586
0
0
8.24503
0
0
1.48942
4.34649
3.41793
9.05677
0.603817
1.88827
0.0397939
5.90823
0
0
0
0
1.53381
14.5241
0.493326
9.1169
0.654874
9.50109
6.74076
0
10.5082
1.07817
2.63097e-08
108.219
108.219
21.4427
1.97801
5.56288
0.205822
0
0.206983
0
0.11583
0.615531
0
0
0.186013
0.271684
0.00869719
2.14923
0
0
0
0
0
0.62611
0
0.367223
6.05788
71.1723
0.196567
0
0.176488
46.4623
0
4.55607
47.2525
5.70819
354.734
0
0
0
0
0
0
131.45
1.6244
1.09551
1.09551
0.742952
26.1868
4.11572
1.28207
0.218295
0.218295
0.218295
0.218295
1.63409
36.0037
16.8251
0.114653
0
4.31715
0
4.51031
24.8518
10.739
258.832
5.06287
0.18427
17.3248
0.530223
4.21063
85.1206
28.046
0
0
2.27639
0.15661
10.3543
10.3543
104.637
190.424
0.0841936
5.12426
5.12426
5.12426
1.54157
1.58585
2.59266
0
0
17.6355
38.2664
7.47371
2.52707
0.444213
0.41996
0.195504
0.562235
0.120591
0
0.112849
0
0
0.106463
19.432
14.1379
0.111199
0.0237455
0.11847
1.42751
0
17.6632
17.6632
17.6632
1.57076
0.304741
0.311749
0.153383
0.451151
0.451151
0
11.6141
1.02677
10.3816
0
0
0
0
0
0.241144
0
0
0
0.54314
0
0
0
0.100094
0
0
1.1347
0
0
0.0299462
0
0
16.1509
0
0
0.605447
0.0156875
13.9132
13.4794
0.196934
0.10717
15.9509
2.5155
27.9357
0.671999
28.707
0.202814
15.2064
0.904593
4.43904
0
0
0
1.66278e-09
3.86923
0.463476
76.167
10.559
1.3015
30.9202
6.47201
0
12.3738
16.8034
0
0
0
11.0247
11.0247
2.68706
12.4909
1.00469
5.78651
56.7632
1.05253
1.24046
38.3812
0.442362
3.32306
2.87146
74.1014
10.3711
0
246.524
5.73554
1.86751
58.0277
19.1594
0
0.129598
21.1918
0.528588
0.528588
0.528588
6.21393
82.8777
105.884
1.73944
0
0
0
0
0.0971476
0.185358
8.45876
10.6219
10.6219
2.91749
4.50592
6.70497
0
0
0
0.709963
0
0
0.120429
0
0
18.9603
0.700442
0.00245212
0.00245212
0.59883
15.0989
0.331052
203.218
10.272
6.02964
0
0.0100494
0.717294
15.0219
0
76.7448
4.16268
5.73953
8.74468
3.87832
1.30169
0.769334
1.18504
742.464
2.74443
24.9088
0.511817
15.5765
0
0
0
0
0
0
0
0
7.02995
0
8.65247
7.75084
5.58514
8.07539
11.7412
0.111563
0.659348
1.18577
23.2028
0
6.80267
1.20774
1.20774
1.20774
7.788
3.13157
0.548279
0.858928
0.858928
1.45199
32.1811
0
0.2297
0.380776
0.380776
0.380776
0.380776
0
4.74802
0
0
0
7.19979
7.19979
7.19979
47.7087
1.25424
1.64991
12.7225
0
48.396
0.0502164
0.0502164
0.0502164
0.690356
5.08236
0.637601
0
0
0
0
1.91666
0.0229815
0
6.44022
0.116531
0
0.0705584
0.0705584
0
0
0
0
4.15848
12.7794
1.11515
1.89667
3.14429
46.9335
140.84
8.66168
8.66168
8.66168
8.66168
0
0.61067
2.65231
3.45945
12.5558
38.7763
0
82.179
0
0
0
0.0266827
0.0266827
0
15.6384
0.0515387
0.0740574
0.224499
0.746934
0
6.28897e-11
0
0
0
0
0
2.35288
98.9907
0
12.6718
313.513
313.513
12.659
0.679554
0.679554
0.195797
0
8.42849
0.791622
1.19272e-05
0.835172
0.724803
552.248
66.4078
43.3916
36.6061
3.56293
847.888
847.888
10.1701
130.73
19.6593
2.05545
44.541
20.0095
16.7719
29.8889
0.0587831
4.63491
6.56145
1.63454
19.7313
10.9777
0.0742697
0.0742697
0.0742697
0.0742697
0.0742697
0
15.6358
15.6358
15.6358
15.6358
15.6358
5.43966
18.7592
17.4128
128.816
2.34857
2.34857
42.9852
64.0171
89.3311
12.4556
0.284417
0
0
0.12287
0
4.32666
2.84692
1.30563
2.64672
0
0.0147695
0.0147695
0.0147695
0.0147695
5.92457
0.0739912
0.24539
0.24539
0.24539
0.24539
0.24539
0
4.14608e-10
4.61879
0.129615
0.0122222
0.0130739
68.3494
2.18582
10.2176
0
0.221953
8.28272
12.169
0.853908
1.84953
1.41256
1.41256
31.2776
0
0.48074
0.48074
0.0425818
0.0425818
19.5484
24.3941
0
0.276805
0.0201378
0.347715
0.218214
0.0702203
4.43699
4.43699
4.43699
4.43699
0
0.159439
0
0.0629436
0.0661148
0.0369023
10.0953
0.110815
1.85068e-07
0.150918
9.5802
7.28012
5.74032
8.48328
6.49255
6.49255
6.49255
6.49255
0.475918
0.357376
1.10764
1.6353
8.79921
8.79921
26.2472
9.26135
0.955348
0.955348
0.955348
11.9865
22.9684
173.671
8.26547
4.66775
0
0
0
0
0
0
0
0
0
0
2.65492
3.97545
1.97077
0
2.04039
1.87947
1.87947
1.87947
1.87947
1.87947
1.87947
1.87947
16.5885
22.4644
0
5.37738
13.682
6.93544
38.0498
1.14134
0.698296
1.10903
0.0399201
0
0
0
0
0
0
0
0
0
0
0
0
0
9.97534
0.346592
0.346592
0
1.70545
6.11681
3.58383
0.212065
7.30939
0
12.1627
71.8095
7.09874
30.976
20.31
0.10517
0.10517
1.09156
1.99916
9.13702
0.420553
27.1847
38.4699
4.129
0.729215
14.7946
11.0747
3.83357
16.2061
0.00590943
0.00590943
0.00590943
0.00590943
0.123904
87.5243
0.0476332
4.08098e-05
4.08098e-05
15.9159
29.7211
29.7211
7.95068
2.34419
1.64927
1.64927
1.64927
1.64927
1.37615
1.08436
0.678629
0
0
0
0
0
7.1488
0.319
0.319
1.89596
6.65968
51.9081
610.04
712.633
0.11283
0.784508
30.2791
0.638425
0.638425
0.638425
0.638425
0.638425
0.638425
9.75941
2.59867
31.0918
8.86355
23.1527
15.576
2.1922
11.2631
51.0997
5.70468
0
0.603762
0
0.0167796
73.4272
81.2908
0
0.86354
0.753518
0.0321289
27.4003
19.4287
0.111312
0.171307
17.8842
0
0
0
0.0619513
1.80346
4.80305
40.0645
9.47299
0
0.854088
1.59206
0
14.7538
6.38672
29.0262
33.4229
24.0081
0
0
0.854806
0
1.95336
152.157
24.8186
0
0
14.9029
7.23871
2.00511
2.02412
1.18336
5.88441
0
0
22.7184
22.7184
0.362128
23.2615
0.0568912
6.82498
1.9781
1.9781
1.9781
1.9781
0
2.42545
2.42545
2.42545
82.3092
3.50356
8.76782
8.63418
0.960293
0.919215
2.7058
3.60446
2.51797
0.465958
0.465958
2.40746
1.77705
0
0
1.86031
0.654467
7.31634
0
0
0
0
0
0
0
2.77382
0.0542436
0
1.94754
0
12.7496
13.7165
0
0.424457
89.6333
80.0758
43.1751
0.793166
0.000267046
10.9446
0.410262
3.72182
0.427115
0.220235
0.150687
150.009
0.454891
15.4235
0.0625695
61.3997
0
0.189044
9.84876
17.2933
94.7957
3.01085
14.3052
10.7303
0.477729
0.106711
10.1807
14.6002
2.22532
1.39167
8.91615
14.2269
0
10.8356
11.1909
17.4146
22.6493
10.1008
1.80891
265.345
1004.84
187.971
0.219327
19.2187
9.45571
0.0103905
0.00964609
0.00953843
0
0.333367
0.388961
3.60048
0.0124583
0.0251725
0.573897
125.939
43.1103
4.81881
0.326967
6.97308
0.347585
0.720139
0.720139
0.720139
0.720139
1.93898
0.365304
0.765215
52.9926
3.01417
1.14988
10.9271
3.14693
17.0881
1.11784
0.252392
9.76295
2.62954
1.12354
1.63465
1.5473
1.5473
0.798243
0.798243
0.43969
3.54862
0.699561
0.699561
4.62781
10.0085
2.19637
1.66649
1.66649
0
23.2701
0.793589
0
43.5793
18.3281
0.627056
34.9035
20.3912
19.7812
81.5299
84.6042
4.33457
34.9402
16.6597
2.45689
10.3133
505.238
8.04072
99.1773
5.99358
1.9795
6.2195
0.946649
0.946649
3.69777
1.67368
1.67368
2.99161
1.21235
2.95622
0.431753
0.115253
0.32854
0.32854
0.32854
0.32854
0.32854
1.65759
0.0801812
1.82015
0.491639
0.312102
0.250996
0.325301
2.08114
2.08114
3.15434
1.59872
1.59872
0
4.01358
4.01358
4.01358
6.63859e-09
2.66697
2.02485
0.838305
0.429503
0.429503
0.618463
169.037
0.0683172
1.22915
1.22915
0
3.44842
3.44842
3.44842
0.302497
0.302497
2.45416
0
1.89125
1.95718
4.06311e-05
1.20039
3.20797
2.89639
0.0789835
0.808398
0.278291
0
0
0
0.00981847
0.0378036
1.16299
1.44323
1.44323
1.06101
1.69692
0.176893
0.0308407
0
0
5.27359
1.09176
113.978
59.4027
1.34067
0
20.0696
4.42235
0.701389
0.52387
0.0980545
0.16482
0.634257
0.366936
0
0
0
3.85554
0.445103
1.42914
0
0.952198
0
41.5449
41.5449
41.5449
41.5449
29.5258
29.5258
46.5709
6.19148
13.5672
0.530571
0.11746
0
0
0
0
0.198683
0.27981
0.27981
167.307
0.522168
2.96193
17.4769
1.51123
0
0
0
0.686465
17.1167
5.09692
5.09692
9.11931
0.700191
2.21489
0.011167
0.0139206
16.2465
0.454399
8.66189
238.441
0.334082
3.61707
3.61707
19.001
0.766601
0.636161
5.34979
0.522426
0
0
0
0
203.922
0.0757061
2.75521
5.87939e-09
39.7874
0.0105744
0.122093
0
0.388923
5.775
1.39417
0
0
0
0.222907
0.222907
3.4312e-09
0
10.9321
10.9321
0.232922
0.149618
0
17.4351
0.617647
0.521168
0
0
0
0
37.5893
10.0118
3.53444
3.53444
3.53444
8.28661
0
4.53795
2.74572
2.74572
2.74572
2.74572
0.185112
0
21.9127
126.233
19.4432
0.402449
1.91361
1.91361
0.104229
0
0
0
1.55077
199.904
0
0
22.2195
25.0502
0
0.906902
12.4582
27.0816
0.276374
253.345
127.246
17.1667
42.275
1.1059
0
0
1.25185
2.38057
0
21.6313
0.356277
13.8586
0
0.490524
0
3.43652
0.629312
2.55472
0
7.31627
0
1.62857
4.45469
0
0.288454
4.49348
12.2422
5.31974
24.6687
24.6687
0
2.59777
0.179474
7.10201
4.60794
5.68528
4.80225
10.6903
0.13027
1.62483
1.62483
0.185789
11.489
7.31576
0.81203
3.85527
34.2847
3.17816
0.102827
0.0440697
0
0
0
0
0
2.24405
0.157294
2.10827
2.10827
12.0987
0
67.8777
29.5689
10.8856
106.961
0.0570051
0.961878
94.1874
0.359048
4.65732
0.688901
2.7199
5.89017e-10
0.154427
0.154427
0.154427
0.154427
0.154427
0
0
0
3.49898e-07
3.49898e-07
2.96144e-05
0.0502163
55.2506
18.3626
6.08344
0.895315
0.167645
3.37032
3.03213e-06
1.98341
0
10.0213
5.61325
0
0
1.31108
0
23.897
1.43471
0.0012254
0.176096
1.27228
14.1091
11.4628
19.3364
3.17982
0.0585553
1.2755
0.197991
0
6.04015
0.736355
1.64856
35.6818
0.442373
10.9498
0.123946
0.130222
31.112
31.112
31.112
0
1.02701
1.97926
0
0
0
0
0.120938
2.78157
34.1407
0.331278
0.0526108
0
0.0546673
3.79383
150.842
36.2529
43.9029
32.4966
1.68601
0.903772
33.5248
5.313
5.313
29.1371
4.94339
7.54437
6.20763
4.31534
11.7539
17.9722
12.5818
0.336807
6.15036
12.0792
0
0
0
41.7838
1.17251
0.623601
0.279446
163.296
32.7753
12.2138
109.57
2.67259
0.78934
0.161245
64.4094
1.68172
1.68172
1.68172
1.68172
1.68172
63.6921
63.6921
0.605309
3.86811
3.86811
54.8292
23.034
1273.84
200.228
63.024
34.8997
4.831
21.2783
7.84198
1.18604
2313.26
17.8935
8.58059
8.58059
8.58059
4.46757
0.255589
13.0606
0.246551
43.2207
0.128982
0.115313
34.58
1.40472
5.34412
0.0893151
5.78484
5.78484
0.982432
0
117.387
25.8197
39.7337
1.40226
7.20747
3.22147
1.94922
0.210561
3.57205
2.08413e-08
0.36042
0
0
0
5.54502
0
0.0397593
0.0397593
12.8335
0
10.4957
4138.5
60.3846
127.555
0.797311
0.0249997
0.111119
431.28
117.34
6.04228
1.15884
0
0
0.342737
3.22433
6.35265
0.0348592
3.34299
0
0
2.77235
0.942176
0.942176
0.942176
7.13301
1.69099
1.24955
2.668
4.33498
0.664663
4.61892
2.86953e-05
3.42466
6.17574
13.3232
257.836
2.10561
23.1384
618.005
28.3802
49.6216
0.135314
0.286575
0.194987
0.194987
0.348338
0.348338
0.131784
0.260168
0.260168
0
2.84128
0.568411
0.568411
0.568411
0.568411
0
0.188485
0.478126
1.4375
0
0.0244983
15.1113
10.0403
118.871
0.011612
0
22.0215
65.6736
3.02053
232.058
32.615
485.285
138.56
0.164071
1.19756
2.68372
2.68372
2.68372
2.68372
2.68372
0.489661
0.489661
1.71942
1.71942
1.71942
0.0803784
1.00886
1.00886
1.00886
0.230517
1.79048
4.23445e-06
0.352106
0.352106
0.352106
2.361
1.11068
1.11068
1.11068
0
0.701072
1.38035
0
0
0
0
0.863067
0.630091
0.630091
1.80891
0.781844
0.145567
0.538329
0.538329
2.70423
0.239833
0.00348885
0.161039
0
0.556721
0.556721
0.556721
0
0
0.156007
0
0
1.94955
1.58255
0
0.0864194
1.81116
0
0
3.19002
0.00237957
0.00237957
0.00237957
0.205272
1.7805
0
1.9822
3.21822
1.04344
1.10724
2.64488
5.35701e-07
0
0
0
1.29438
0.0437912
0.30807
0
0
0
0
0
0
5.02011
5.02011
2.83131
7.86149
0
0
0
0
0.417536
0.269322
0.090759
2.89232
0.224174
2.59573
0.393659
23.4636
135.075
4.23365
0
0.236527
2.23601
0.0844888
0.0844888
0.139751
0.139751
0.49178
3.05227
3.95869
28.7933
0.113426
0.356969
0
0.91319
0
0
3.05673
0.136475
0.136475
9.49467
0
27.1046
1.96699
1.96699
1.96699
1.96699
1.96699
0.170487
1.68525
0
0.2222
0.2222
0.2222
0.2222
0.2222
0.2222
0.2222
2.18254
2.18254
2.18254
0.705495
0.211308
4.8183
4.8183
4.8183
0
0
0
0.740266
0.456021
0
0
0.0151313
0.0151313
0.0151313
0.0151313
6.41248
14.3295
44.3102
38.2383
2.28121
0.325512
2.05214
1.4438
35.9984
0.426724
0
0
0.167645
3.36383
18.5253
20.1237
0
4.67394
1.06006
0.00118602
0.000442033
2.80596
1.04106
3.82629
1.41857
12.1499
4.56351
0
6.00916
6.00916
71.1835
0.596559
11.4624
1.8437
1.33796
17.6831
0.00496449
2.39466
13.5376
0.230722
0.860382
10.6673
2.07454
0.50165
0.50165
0.50165
0.50165
0.50165
19.0828
21.1203
3.40178
12.0712
12.0712
12.0712
15.9639
0.143138
0
0
0
0
12.5345
15.2452
15.2452
14.984
0.287005
0.503026
12.9704
0.899239
61.036
1.13231
3.63796
3.63796
12.6578
5.63674
0.286606
0.298045
13.78
13.78
13.78
13.78
13.78
11.1113
0.691639
0
0
0
0
0
0
0.17729
32.7221
24.4345
3.22026
15.5685
18.2368
19.1286
0.0249407
8.29469
187.499
0.730571
0.730571
0.730571
0.730571
0
103.277
0
0.0487743
0.108563
0.0458659
7.89195
9.99871
0.420886
0.253295
1.94132
4.14
0.0783807
2.28239
30.9276
0.724512
0.724512
8.98898
8.98898
0.898607
9.7172
9.7172
0
0
0
27.3781
9.95841
4.11311
19.2999
65.9416
10.8857
0.223278
0.223278
0.223278
0.223278
0.223278
13.0686
10.1521
2.0861e-06
2.0861e-06
0
0.0534012
0.0020451
0.0272868
0
0
0
2.59513e-07
1.03966e-09
0
0
2.59513e-07
1.03966e-09
0
0
0
0
0
0
0
0
0
0
0
0
0
0
0
0
0
0.163164
0
0
0
0
0
0.0148089
9.51519
47.7119
5.26473
11.2295
0
12.85
9.58894
15.6797
0
0.0650412
0.0650412
0.0650412
0
0
0
41.1233
7.44861
0.783412
0.470437
0.202814
19.9143
17.0599
0
11.3239
46.912
34.5991
5.98944
5.98944
0.265758
27.6932
17.5596
1.15779
4.79686
98.611
10.4626
7.99223
0.830958
0
0.830958
1.34075
16.8815
4.21164e-07
0.35567
1.22548
6.67295
1.04022e-06
0.49087
0.305759
71.0322
1.84537
0.99292
0.353918
14.6844
2.24953
4.33478
0
0.037132
0.400415
2.25035
5.21016
3.56707
0
58.0379
18.4296
18.4296
2.07217
0
473.336
473.336
15.3959
11.8851
4.88616
4.88616
4.88616
4.88616
2.6812
134.769
22.4985
8.02781
1.57262
1.57262
1.57262
1.57262
1.57262
1.57262
1.57262
1.26387
1.26387
0.884575
0.884575
0.434519
50.1214
18.6802
3.145
134.068
13.3502
1.98753
18.0385
0.49179
5.66305
1.11088
19.482
12.8467
11.3955
22.654
0.396612
4.62045
2.80886
388.696
0.166764
10.3941
1.11152
1.11152
1.11152
1.11152
0.993573
8.54403
0.183646
0.183646
1.88895
0.533978
3.99588
1.3394
0
1.36004
0.479778
0
0
0
0
0
37.5003
15.5735
1.02555
0.685124
0.299202
4.68252
13.4365
333.374
14.9362
0.090194
0.260816
0.661813
2.15917
5.49607
0
25.4967
18.269
18.269
136.933
233.742
2.76032
0
59.7686
15.479
6.59346
6.59346
6.59346
9.90515
3.23034
0.109613
10.5278
1.41279
0
13.2534
0.180982
0.180982
0.180982
0.180982
21.5174
21.5174
0.141914
11.0637
7.13677
2.05004
1.21116
10.7253
26.0959
0.5263
0.5263
0.5263
0.5263
308.02
0.564853
0.564853
0.564853
0.564853
17.2724
0
3.56298
14.4473
91.2302
0.319719
0.292798
0.0245755
0
0
0
0
0
0.250068
2.66108
4.37643
0.869126
19.6131
0
30.8344
0.226231
0.0898003
0.18512
4.77195
0.385652
0.385652
3.16723
1.18178
1.18178
19.2751
2.6642
2.6642
9.37559
5.2674
15.3974
0.476367
8.51175
8.51175
3.58792e-05
20.3145
3.79933
3.79933
6.97507
0
0
0
3.18895
0
0.732489
0.732489
0.732489
0.732489
45.7317
2.31434
0.343646
0.252282
56.1271
0.216646
4.13134
4.13134
4.13134
4.13134
4.13134
1.2629
9.22584
4.37061
1.51969
0
160.603
30.8307
0.625865
0.912456
5.30249e-08
0.37417
1.1605
0.471958
0
3.97214
0.16139
0.0484027
2.19006
2.19006
0.5138
0.5138
3.13673
0
10.2762
56.6355
0.164977
0.164977
0.164977
0.164977
0.164977
0.164977
0.164977
0.164977
0.164977
0.164977
0.164977
0.834539
1.72403
0.246737
0.0611935
6.20424
0.965383
13.0387
4.97007
4.97007
4.97007
54.7081
2.80523e-05
0.879697
44.544
3.4246
23.8152
1.36343
88.1018
2.28465
0.956937
17.3907
0.300099
0
0
7.79915e-05
0.0740236
0.0412777
0.150377
37.0897
0
49.01
1.63732e-10
0.717607
0
0
0
0
15.1237
15.1237
23.8853
2.62887
1.45027
1.45027
1.45027
48.9383
3.2398e-05
3.34821
0
7.34602
27.1232
19.4454
19.4454
19.4454
11.5237
102.57
9.27608
42.6367
4.85799
15.969
14.2493
2.36908
0.242693
0.0166705
0.016743
0
0.0842006
0
70.6753
23.0665
0.0258322
0.0258322
4.51938
0.0440697
0.0653498
0.0653498
8.16608
0
0.127307
0.0292823
0
0
48.8313
67.4554
46.2288
0.565753
0.0619513
0
0
31.5778
6.9216
12.3797
31.2358
31.2358
31.2358
13.9319
13.9319
13.9319
0.108427
5.20218
6.957
1.57595
0.995425
0.0650733
0
0
0
0
0
0
0
0
0
0
0
0.0348976
0
0
0
0
0.139356
0.235995
1.71633
0.772931
2.63169
0.131819
2.70712
3.07719
3.07719
3.07719
0.169755
0
12.2839
4.39992
0
0
3.05219
0.642996
21.8108
16.3888
1.7179
7.85761
6.7998
5.11729
5.11729
5.11729
5.11729
33.0077
0.129442
103.355
2.41126
2.41126
2.41126
2.05381
0.437241
3.80415e-09
8.70652
0
0
0
22.8887
1.09808
16.7219
14.9019
7.50564
24.1925
0.130207
0.130207
0.130207
0.130207
0.130207
4.45567
4.45567
4.45567
4.45567
4.45567
0
6.83537
6.83537
1.73269
0
0
0
0
0
0.171286
0
1.15712e-06
0
0
0
0
9.30274
4.08166
0.626849
0.626849
0.626849
13.2928
1.06215
3.70879
0.0715629
0.588332
2.22157
8.44022
0
2.46715
0.000226357
0
9.24886e-05
9.24886e-05
9.24886e-05
1.75179
0.119319
0.520307
9.6082
9.6082
9.43218
18.7281
0
0
0
83.1849
0.022797
0
3.1744
1.36967
1.06135
3.56295
14.074
87.9732
5.45421
0.0830744
16.1329
0.508016
6.20181
6.20181
0.0832442
0.0541293
13.4431
45.021
2.16916
2.16916
2.16916
2.16916
0
0
0.98519
0.98519
0.98519
3.10751
0.415939
0.306985
3.77221e-06
1.94341
1.94341
1.94341
4.85934
0
443.831
0
0
58.7761
34.7326
136.762
5.10045
5.10045
5.10045
5.10045
5.10045
87.8057
41.6174
1.61303
0.87824
1.1108
0.410895
0
0
0
0
0.634515
427.622
134.066
8.63551
0.338089
0.185337
17.3351
3.79533
19.0993
11.4547
11.4547
11.4547
9.14911
0.608871
0
14.7553
0
0.182493
0
0.111067
0
0.40863
0.0373558
0.186779
0
0
0.127263
0
0
0
0
0
0
0
0
0
0
0
0
0
0
0
0
0
0
0
0
0
0
0
0.0282655
0.0935909
0.000608321
1.74476
0.0180606
2.52281
1.83977
0
1.04757
7.57355
0
0.539317
0.205222
2.1609
1.10133
36.3825
0.343842
17.3183
1.21046
1.21046
19.5233
3.04407
0.608813
3.80712
0.0369023
83.6366
83.6366
83.6366
83.6366
7.16617
9.90083
10.0581
0.43638
312.761
28.8851
7.6303
35.8211
0
0.125098
0
0
1097.59
7.96238
0
13.0542
4.3386
0.798658
0.374419
10.6502
0.340319
0.285038
0.0291259
0.686076
6.31231
0.461682
0.862194
0
0.0291259
0.13349
2.15917
0.686076
27.6827
13.4275
18.0202
7.17817
0.00043058
37.555
37.555
1.16955
1.16955
0.604445
0
3.14951
4.85419
5.57156
5.57156
1.55231
0.280195
0
0.673764
0
0.763231
0.316575
0.159287
0.73093
2.85299
0
3.69882
0
0
11.5546
8.45877
1.22536
1.22536
1.22536
2.0827
18.2847
1.32807
1.32807
1.32807
1.32807
0
0
0
9.38488
0.985213
26.5113
0
1.10016
25.2644
25.2644
0
4.46989
1.32657
0
57.9876
20.0011
0.264128
41.8615
0.00842755
2.73087
0
0
0
0
0.627722
0.244865
0
5.30775
0
4.07043
0.680059
4.34874
5.76782
0.0419915
0.0568912
0.760555
0.760555
0.760555
0.760555
0.760555
0.760555
118.365
0.470543
38.6672
1.16269
0
0
6.70264
6.70264
6.70264
10.2431
10.2431
10.2431
6.16744
4.38583
9.79572
6.1875
40.1982
1.83563
1.83563
1.83563
22.9896
0
0
0
6.41113
6.41113
6.41113
3.4922
3.4922
3.4922
3.4922
38.6145
4.15559
4.15559
4.15559
0.15016
2.18987
256.362
2.38246
0.495532
171.5
17.884
0.325017
0.78225
1.19669
7.01407
5.57414
2.1359
0
12.3621
67.575
16.5886
2.96063
30.8378
0.475824
117.709
0
0
20.392
0
35.4751
5.33363
4.05785e-06
1.6015
1.6015
1.6015
1.6015
1.6015
1.02995
3.43746
0.143753
0
3.86221
69.0375
3.75805
23.2814
29.2615
12.0759
54.6523
54.6523
0
0
0
0
0
0
0.550547
0.209466
0
11.4397
0.820791
0.200948
1.15348
27.7472
3.77342
0.44425
9.29111
14.3021
7.32658
0.220802
0.46303
0
0
0
0
0.21634
0
20.5197
1.97187e-07
30.1467
9.76002
0.215251
48.0181
106.765
106.765
4.13256
4.13256
4.13256
4.13256
0.12718
14.1968
14.1968
14.1968
0
39.4098
39.4098
1.74551
6.89835
26.2212
177.72
39.7522
1.68309
2.35013
0.801645
5.79814
7.44533
2.63669
23.4135
8.33779
1.99212
0
7.23592
0.795368
0.311301
0.388229
0.388229
0.388229
0.388229
0.388229
0.388229
0.388229
0.388229
0.388229
0.0478848
9.49627
8.72089
1.29179
59.1938
0.0699259
0.0699259
0.0780864
0
0
0
21.8557
259.459
0.0240817
0
0
0.0302829
0
0
0
0
0
0.0183762
0.0183762
16.6337
1.55542
0.123048
3.78241
0.264418
29.0589
8.94208
8.97161
21.5906
1.20852
1.20852
1.20852
1.20852
1.20852
0.11129
0.0241526
0
0
0
3.76844
22.4495
3.08529
18.4325
0
46.7902
4.45384
0.649552
51.8358
34.9387
0.0878051
0
11.0232
97.1067
3.25621
12.7581
0.196765
13.2129
23.1094
5.31361
0.771722
0.771722
14.882
0.946737
0
41.9617
0.346046
0.312133
0.325691
0
1.5549
8.14894
0.711929
2.60419e-06
21.1537
0.521306
0
0
0
0
0
0
1.96485
4.33685
15.0296
16.2899
1.52779
4.76121
1.32018
4.10036
5.13279
0
0.256587
25.6287
42.5229
7.98365
17.2032
0
13.5364
13.5364
0.256786
28.2048
47.8318
0
0
0.0475241
0
0.164054
0.202384
0.147911
0.160226
0.517179
47.3292
0.29584
1.06282
208.676
0
0.0527661
0
29.9911
91.4416
91.4416
3.90513
3.90513
0
7.12753
7.12753
7.12753
0.440313
0
1.45094
0.352557
0
0.302518
0
0.05582
0
0
0
0
0.0145077
0
0
10.0754
19.2387
0.438076
1.65455
0.308525
0.308525
0.308525
6.47297
1.8269
1.8269
1.8269
13.7735
13.7735
3.99946
3.99946
0.285453
38.2703
0.757707
0
0
0
0
23.8755
23.8755
23.8755
23.8755
0.106136
0.353788
0.353788
0.353788
0.353788
0.353788
0.353788
0.353788
0.353788
0.353788
7.60109
7.60109
7.60109
7.60109
7.60109
0.333156
0.0191147
3.71705
0.727295
2.35608
2.80237
2.80237
2.80237
2.80237
2.67109e-07
2.67109e-07
2.39074
50.8712
0.759028
33.007
10.5279
13.9817
0.254246
0.434316
5.83498
0.272882
1.44623
0.0664285
0.548909
0.0280662
1.33766
0.0620373
2.76589
2.76589
2.76589
2.76589
2.76589
2.76589
2.76589
11.2401
9.19308
9.19308
9.19308
0.0708595
0
5.66655
1.31146
0.616667
21.8474
2.97757
104.419
0.0866583
0.0966302
0.0966302
0.659874
6.45682
1.60044
13.2139
0
17.6347
35.8665
0.12513
0.12513
0.12513
0.12513
0.12513
0.12513
0.12513
0.12513
0.0491022
0
0
0
0
0
0
0
0.592615
0
0.123396
0.123396
0.123396
0.123396
0.123396
2.52176
1.52005
0.00695052
0.00695052
0.227243
0.10205
10.7043
3.10862e-07
3.10862e-07
5.7147
1.34048
3.77581
0.2681
0.2681
0.2681
14.4366
22.2372
2.21783
37.6383
21481.7
13.029
2.45502
0.0212418
0.0212418
0.0212418
40.5741
0.31697
1.00877
1.00877
1.00877
1.00877
0.765422
9.54444
33.9909
2.93165
23.1323
23.1323
23.1323
23.1323
8.1345
0.958622
33.4012
52.231
0
0
4.43752
2.60067e-07
11.8351
2.60341
2.60341
2.60341
2.60341
2.60341
0
12.4949
0.159175
29.5786
4.02636
0
0
0
0.0181579
0.0181579
0.0181579
24.5087
0.539143
13.5884
0
26.846
0
0.0426376
0
24.5686
0
0
0
7.34252
12.8446
0
4.27356
0
7.40262
0.243958
13.7432
0.357764
0.357764
0
0
0
0
1.56438
12.7872
0
4.11762
4.11762
4.11762
4.11762
2.60218
0
0.51305
0.532131
0
5.81819
5.81819
0
0
0
3.94207
0
0
0.417172
7.18944
7.18944
0
0.242819
4.00577
11.8204
4.47606
5.65763
0
0.319075
1.82675
17.0782
34.3396
19.4605
76.5886
24.0602
29.1151
1.44596
13.4444
0
0.0991209
0
8.89544
3.64942
0
1.70684
0.792607
3.06252
1.63577
2.48572
1.4482
1.4482
1.4482
0.401141
1.38673
1.38673
0
2.33187
2.33187
3.28373
0.574406
0.574406
0.574406
0.574406
2.60576e-08
0.284883
0.0675167
2.76154
0.399889
0.399889
0.399889
0
7.00881
0.52192
0.775046
18.9717
0.44201
0.835981
0.835981
0
0.367123
0.949882
19.6941
0
0.719794
1.14642
12.4239
4.12032
0.193359
0.193359
21.3777
1.53768
12.0025
5.19315
1.11825
6.19078
6.19078
1.95925
0
7.19899
0.0166802
7.57516
7.57516
2.5605
7.36532
5.68705
0.824181
0.346162
0.346162
3.67741
0.626924
10.5771
0
0
0.317837
0.230287
0
77.7244
0.823507
0.823507
0.823507
0.823507
0.823507
0.0299987
0
45.6324
71.954
0.94688
7.66577
0.15526
0.878641
1668.8
0
0.435648
2.15171
4.95712
2.71096
2.71096
2.71096
2.71096
0.459944
0.459944
0.459944
0.459944
0.459944
0.459944
0.170439
44.5973
99.0129
0.503713
30.6238
0.0847328
0.0847328
0.0847328
0.0847328
0.0847328
0
0
0
0.0773294
21.6292
5.74475
0.813523
0.560413
20.8964
2.12522
0.0636646
0.935288
0
0
1.03106
8.28728
46.7948
8.65262
44.3118
5.41023
5.41023
5.41023
5.41023
5.41023
5.41023
4.05619
0.80794
0
33.4206
13.7394
13.7394
11.8893
6.99849
0
0.174815
0.320494
0.340148
0
0
0
0
13.5417
72.678
4.09272
2.22461
2.22461
2.22461
57.6019
7.59446
2.50961
30.7555
30.7555
571.301
571.301
0.0548042
1.00802
4.20836
49.0645
0.0334324
0.00737299
0.0842924
4.72073
1.4138
4.23754
0.395559
3.39626
0
13.3647
0.136106
6.58295
17.0052
3.21781
0.97316
40.498
1.11451
7.12015
0
0
0.259936
12.0721
0.860599
0.860599
0.860599
0.860599
0.860599
0.860599
0.860599
0.860599
0.860599
0.860599
0.860599
0.860599
0
1.70457
0.100124
0.100124
0.100124
2.33921
0.765506
1.37362
1.37362
1.37362
1.37362
1.37362
0
1.45185
0.87831
0.87831
0
0
3.67225
0
1.86745
24.7613
0
16.8414
16.8414
0.0467302
28.3629
0.10277
106.827
17.7176
2.54961
0.000140737
1.63795
0.663979
3.07744
0.0797902
2.99936
13.6173
3.46046
3.46046
3.46046
3.46046
0.359289
1.37378
1.37378
1.49209
0.159783
0.159783
0.0523332
0.0154204
0.0154204
19.4932
1.33671
3.84168
569.775
0
0
0
19.8612
1.45891
0
1.91823
0.445999
15.2024
2.65422
0
0
0
2.75107
17.316
0.299106
0.000285615
0.0396776
0
0.0112338
2.66862
2.66862
2.66862
6.48148
2.7726
4.20683e-08
8.27532
8.27532
1.60813
13.6128
0.436572
23.0728
3.1395
0
0
1.30545
11.2344
0.224038
0
0
9.34372
7.01971
0
58.6312
19.1489
0.809966
37.1974
2.70903
0
0.0393037
0.00917437
6.85924
16.5878
258.509
11.7571
0.143773
0.0743971
15.4403
0
5.87522
5.87522
0
7.84152e-10
7.84152e-10
7.84152e-10
84.5194
4.60649
1.76579
15.408
12.3868
879.215
3.06477
3.06477
10.1546
2.58429
3.38852e-07
0
0.01164
0.01164
0.01164
0.01164
0
0.0227297
0
0
0
1.57126
37.723
19.2376
12.4876
1.50948
6.69327
0
237.845
0.548819
0.548819
0.548819
1.52132
22.2501
0
1.86213
3.55468e-09
3.55468e-09
1.67709
1.46752
0.734823
0
0
1.37735
0
1.34477
12.7522
12.0507
10.5374
10.5374
3.784
3.784
3.784
3.784
3.784
3.784
16.4318
0
0.712606
5.28973
7.14877
68.9261
3.01814
3.01814
393.699
0
0.0769487
6.47449
0.199898
0.29049
0
0
0
0
9.96634
0
22.663
0.0218083
1.36402
0.0307098
17.9601
36.5058
0.0763066
29.1406
5.13891
158.46
1.71472
1.71472
0
5.50162
0.503341
2.89296
0
0.557243
0.0368405
0.290074
0.290505
9.53658
106.986
4.18396
0.460673
3.43762
8.62752
0.281782
0.585634
4.14654
0.712427
0
1.95445
0
20.7854
1.00982
1.62963
34.8867
3.45136
3.45136
3.45136
3.45136
0.495987
10.3482
42.3697
9.69819
14.7894
18.836
1.74866
0
0.745124
0
0
15.8159
5.16162
11.6115
2.74063e-07
2.74063e-07
0.149002
1.95757
1.95757
1.95757
1.95757
1.95757
1.95757
11.5694
11.5694
11.5694
0
0
56.1146
59.0867
1.05706
1.05706
4.85152
0.289726
0.326466
0.326466
0.326466
1.63332
0.0693888
15.7655
15.7115
3.43573
11.6431
0.381098
0.381098
0.381098
12.1262
0.560644
0.560644
0.560644
0.560644
0.560644
0.560644
0.550531
2.95476
17.4321
27.8633
0.821397
0.173503
18.7502
659.651
0
0
0
0
0
0
0
0
0
0
1.12179
146.462
6.14233
6.64625
7.27414
6.85113
1.36391
1.36391
82.7368
137.669
137.669
9.34927
0.976465
0
27.5145
27.5145
0
665.938
158.711
0.0658091
0.227013
0
9.42774
0.727115
0.727115
0.727115
0.727115
0.727115
0.727115
0.727115
0.727115
0.727115
0
0
0.0194336
0.134443
17.161
2.91925
0.464791
0.464791
135.06
0.0166562
32.7306
18.0512
6.87404
13.9179
6.61422
104.793
10.2305
9.77928
3.06571
3.06571
20.1015
5.55085
18.629
1.67012
2.44529
0
0
0.111708
1.54993e-07
1.54993e-07
0
3.01078
1.67409
4.46693
8.79275
8.79275
27.1819
0
0
0
0
27.0636
5.01135
3.12794
50.8132
19.2827
0
1.66378
1.66378
20.3376
7.60443
0.171015
0
0.963586
0.106933
0.292455
0
0.385356
7.77272
1.03531
3.0702
8.18575e-05
44.5855
3.31903
3.31903
0
0.0427004
1.25603
16.0376
0.90194
2.6074
14.2292
0.0828159
0.876487
0
0.941455
0
7.74112
0.188222
74.1518
0
124.608
41.2503
41.2503
41.2503
41.2503
0.946348
1.36061e-06
2.17248
0.0469044
0.0469044
0.0469044
0.679262
1.11773
0.0525748
0
0.466721
44.225
0.710363
0.710363
2.01397
2.01397
2.01397
0
0.162136
0.228902
3.63835
0
4.55514
42.9685
2.77669
1.10199e-06
0.0792401
0
0.00403262
0.301641
0.125383
7.55204
0.353688
42.14
42.14
0
55.8779
0.137109
196.995
1.09978
0
11.8959
4.51237
1.50577
0
0.177461
0
0.706945
0
0.595649
4.65588
0
0
0
0.133753
0
0.236191
6.55477
0.435844
0.092703
0.092703
0
2.61187
0
5.15587
6.30659
6.30659
6.30659
0.474255
0.474255
0.474255
11.6019
3.66264
1.61437
1.86763
1.86763
1.86763
1.37849
1.37849
0
0.114334
0.114334
7.00828
0.638292
0.638292
4.97986
5.09393e-07
10.3943
0.589688
0
33.8149
0.00250628
1.2957
0.0533405
0.0218888
1157.58
0.590586
0.590586
2.57503
0
2.63539
0.220418
50.3273
2.96334
0.349629
0.349629
0.678183
0.757962
0.757962
55.4724
13.5667
0.197974
1.82099
0
63.6411
2.97007
2.97007
2.97007
0.327577
18.3173
0.428657
11.9733
0.622388
18.6471
2.63012
17.4575
4.60785
9.28585
0.0683311
0.00040761
0.00040761
312.627
13.8848
13.8848
0
29.8367
0.791152
0.935431
124.818
1188.08
3.18126
0.000613618
0.205677
0.00431889
1.66964
0.0422464
9.44262
0.483702
0.252499
0.00219954
0.00219954
0.00219954
0.00219954
57.6373
0.242305
3.15249
1.16618
76.9919
6.95318
0.136204
45.7185
0
0
0
0.0232053
0.0237098
0.0788274
0
0
0
0.0763354
0.0650823
0.27244
0
0
0
0.0460247
0.166625
0
58.2828
0.872172
0
2.76289
2.76289
2.76289
15.4415
3.15191
56.2401
171.455
0
32.8049
0
13.039
13.039
13.039
13.039
13.039
13.039
0.600684
31.5524
31.5524
88.1967
0.0517824
0.90619
1.81202
1.81202
0.126091
2.25814
0
85.8983
23.3036
0
0
11.779
0
2.49563
1.70483
167.34
0.213057
0
15.5691
0.784755
14.6008
79.9191
79.9191
79.9191
79.9191
84.3194
10.3825
0
0.160078
0
14.4877
0.305006
0
17.1293
17.1293
19.761
0.35283
0.16084
0.0596955
0
7.89371
11.6156
0.0299523
0.0299523
0.0299523
0.0299523
2.91268
0.485415
3.63177
0.631416
0
1.34221
0.601169
8.00037
8.00037
8.01498
36.9703
36.9703
36.9703
24.3416
15.6171
8.29572
18.1501
0.00136111
0.00136111
0.375327
0
0
25.2331
0
3.01611
0
0
0
34.5081
1.48105
1.48105
1.48105
0
0
0
0
10.8482
0.571029
20.4204
20.4204
0.194812
0.367228
0.367228
1.16989
43.6237
41.3104
0.886204
15.5435
0
0
0
10.7466
1.34125
1.34125
1.34125
1.34125
1.34125
102.222
9.16308
4.75189
118.08
53.723
222.675
0.0194256
56.0153
1.53209
0
0
0
0
0.315723
27.9523
3.44175
28.3628
0
0.870542
22.0947
4.51343
0.0438068
0.0438068
0.0438068
0.0438068
0.0438068
1.26427
4.46698
0.000104316
0.286484
0.286484
3.0396
3.0396
11.4646
0.285111
0.809975
3.98333
3.33823
3.33823
3.62637
3.62637
3.62637
3.62637
3.62637
3.62637
0.127787
0
0
0.167214
0
0
1.54035
51.3719
0.177711
2.29777
0.390681
0.0111572
0.0661933
12.7081
0.961478
0.336231
0.336231
3.35696
3.35696
3.35696
1.49827
29.2512
2.28681
2.28681
2.28681
0.312294
0.312294
0.312294
0.312294
0.312294
0.844706
0
0.543289
2.55434
1.32538
0
0
5.05596
5.05596
5.05596
14.6516
20.2268
0.145277
1.9215
24.7905
40.264
8.34111
0.102451
0.793649
0
0
0
0
14.1446
80.3388
82.8358
36.2501
6.63827
0
20.8369
8.6968
28.5811
0.045068
49.9272
25.6563
34.3142
135.831
0.122285
0.122285
0.122285
0
0
0
382.711
37.6746
20.4911
0.228142
0.846172
0.846172
7.35418
7.35418
0
0
0.233208
0
0.117466
0
0
0.741134
0.0537891
1.81307e-09
0.0453171
0
2.83765
2.83765
0.529877
0.087569
1.39936
0
0
0
0.0142863
0.354117
6.12995
29.7873
1.0183
47.1537
47.1537
0.929162
0.274869
1.4325
1.4325
1.4325
0.101982
0.101982
4.30471
4.30471
4.30471
17.0084
0
17.5525
11.2037
36.3195
587.609
587.609
15.5994
1.46236
1.47247
12.1943
1.04461
1.04461
1.04461
0.069
0.873256
0.873256
0.873256
0.873256
4.78689
33.0783
34.7894
1.22842
13.2019
0.560207
0
1.22254
0
0
0.0625142
0.907911
1.04287
1.04287
1.04287
1.04287
1.04287
1.04287
1.04287
1.04319e-06
1.04319e-06
16.0835
37.9115
37.9115
3.30813
0.672159
0
5.35801
1.19769
27.7944
1.28894
0.246386
0.311957
6.6654
0.646447
1.1841
0.246154
0
17.2502
0
0
2.84829
0
0.994619
18.8144
1.56622
11.41
0.703374
0.0568287
0
0
0
0
0
0
0
0
0
0
0
0
0
0
0
2196.36
0.698478
1.81238
0.246003
18.6373
14.8821
0.0764807
1.71618
8.09592
0
0
0.469281
0.815844
0.14378
0
0.300201
0
0.154234
2.05039
2.05039
2.05039
2.05039
2.05039
2.05039
2.05039
2.05039
25.5668
19.0817
19.0817
19.0817
2.17159
12.4422
7.06958
4.13801
0.00673824
1.54478
0.81059
0
0
0
0.772539
0.772539
1.97139
1.97139
0
0
4.79475
1.78209
0
8.81493
20.9871
1.27216
54.4385
1.25748
0.00369838
6.22065
2.50145
14.0528
6.73408e-08
22.5056
22.5056
0.0690772
0.236301
0.567717
0
28.7717
0
1.83685
1.19186
16.8033
0.340481
8.76273
22.7754
0.482031
32.401
0.338444
2.04109
3.42864
0.00170347
0.161449
0.0157561
0.857539
0
2.31878
32.2297
32.2297
0.612419
0
0
0
0
0
0
0
22.9
22.9
0.83136
4.62776
6.31209e-09
0.0820931
2.29283e-09
0.0299801
0
0
0
3.80385e-09
0.0496046
0.0181235
0
0
0
0
4.89698e-07
0
0
0
6.58006
1.21071
1.41279
5.83129
0
0
2.30227
0
0
0
0
0
0
0
0
0
1.85403
0.318235
27.4995
1.00218
0.485284
0.485284
0.485284
0.485284
0
0.263869
1.28896
0.92345
0
0.0674631
7.3584
0.000359872
41.5812
4.49455
0.118992
7.50351
2.49983
0
0
0.045997
0.0775778
0
0
0
0
0
0
0
0.102371
0.0859697
0
0
0
6.27559
88.3894
13.4883
149.555
1.04828
8.74511
0
0
0
0
0
0
1.83139
3.35522
3.35522
12.2719
12.2719
1.17956
2.92212
2.92212
99.6418
0.354479
0.354479
0.354479
0.199078
0.36949
0
0
0.333833
0
0.161796
18.8134
0.317962
0
0
0.51279
1.92296
3.01264
3.01264
5.939
9.78696e-09
9.78696e-09
60.7461
0.972964
1.05218
1.05218
1.05218
1.05218
1.05218
1.05218
0
0
11.407
4.57254
4.57254
21.5199
0
0
0
60.2372
17.6383
16.256
6.82332
6.82332
1.19409
2.20089
27.5728
2.02971
1.33413
2.42311
0.829641
11.8082
6.31761
3.45728
2.79901
0.766974
25.8634
1.82066
148.943
26.0431
2.18219
563.785
563.785
3.06339
3.06339
221.351
221.351
0
0.695425
0
0
0
0
0
0
0.151542
0.121328
0.132971
0
8.58525
8.58525
8.58525
8.58525
4.60947
12.941
5.13322
5.13322
282.734
0.151964
40.8972
0.413992
37.1274
1.53122
0
0
0.421377
0.509298
0.495345
0.18522
0
40.6736
82.5089
3.3682
0
0.500752
0.115926
0
0
5.49588
0
112.294
7.04233
41.2114
41.2114
41.2114
41.2114
41.2114
4.08231
4.08231
4.08231
0
0.347585
0
25.5184
23.0213
2.4793
2.4793
6.50213
6.50213
6.50213
6.50213
26.5165
0.0897786
8.32179
0
1.57512
11.1345
0.0610337
1.62007
7.35283
0.410262
7.92507
0
0
0
0
0.0350567
0
0
0
0
0
0
0
0
0
0
0
0
0
0
0
0
0
0
0
0
0
0
0
0
0
0
0
0
0.0664784
0
0
0
0
0
0
0
0
0
0
0
0
0
0
0
0
0.0704333
0
0.0350567
0
0
0
0
0
0
0
0
0
0
22.6729
0
0
0
0
0
0
0
0
0
0
0
0
0
0
0
0
0
0
8.3221
0
0
0
92.1526
7.91967
0
7.40089
43.6842
43.6842
9.6752
0.341631
58.1568
0
8.01804
0
0
0
0.00180797
0
0
0
0
0.0206416
7.56684
6.40268
0.15932
1.24915
2.84048
0
0.214104
12.7684
0
1.24827
1.24827
1.24827
1.24827
1.24827
1.24827
1.24827
1.24827
3.08958
1.38322
1.69942
5.63221
0
0.352643
0.621356
1.96587
0.563229
3.83492
1.08004
0.699507
0.191969
1.11669
1.08846
0.943893
2.50942
2.1569
0.280826
0.246963
0.0914015
0.0914015
0.0914015
79.5141
9.79422
1.835
0
200.418
1.17081
0.0578547
0
0
0
0.421003
9.19022
1.87246
0
143.12
40.0968
1.36202
0.295635
0.295635
0.295635
0.295635
0.182268
3.96991
1.64799
18.7316
0
42.5562
8.51309
0.0753304
0.757816
0
0
0.922707
21.1923
1.08377
4.74493
11.7082
7.27514
43.0817
2.24714
1.40041
4.87283
4.87283
37.6801
34.6515
130.776
0.846378
9.39184
4.52877
5.54651
0.538977
0.73342
11.3383
0.161593
17.4687
20.3084
2.52593
6.42187
9.11976
0.102923
0.102923
364.264
8.2192
0
6.66881
3.68158
0.200219
0.448323
2.39361
2.39361
2.39361
2.39361
19.1303
14.7728
0.485738
20.2073
7.45434
0.170013
0.170013
7.61857
0.62246
0.62246
0.62246
0.62246
0.62246
0.62246
0.62246
0.62246
0.62246
0.62246
1.55673
3.64484
0.0794519
0.210788
0
2.07048
3.26842
1.58092
0.835579
1.50301
135.304
2.1628
0.0746361
0.0334428
0.0334428
0.213303
9.19875
0.366663
31.8482
2.4725
0.171552
0
0.944229
0
0
0.373978
0.373978
1.91125
19.7452
49.4422
49.4422
25.9608
25.9608
25.9608
26.5706
6.31977
0
4.15602
0.0692747
1.67627
1.67627
1.67627
0
0.0599975
13.8316
0.308034
10.8203
0.422923
18.913
0.956054
0
0
0.146747
2.89213
1.20273
1.20273
1.20273
1.20273
2.28264
2.28264
2.28264
10.3553
0
0.0516822
0.071242
2.06035
2.72626
0.000498636
0.000498636
0.000498636
0.535392
0
6.53777
0.133983
0
1.08298
0
3.75965
0.145246
0.0694349
0.0694349
0.0694349
0.13881
0.03524
0.03524
0
0.0318205
0.0463892
0.00208331
294.13
3.18117
1360.36
0.648076
27.7925
22.8066
1.3564
1.3564
1.3564
1.3564
1.3564
0.966159
0.15915
8.15684
7.49835
0.0898186
1.64777
6.04267
6.04267
6.04267
6.04267
2.70855
81.99
8.58241
0.157489
2467.75
2467.75
0.000434717
0.0335891
0.100761
0
0.289274
13.0125
0.0106653
0.0329548
0
0
0
0.0424259
2.66919
0.154036
0.29179
1.14621
0.948738
1.80224
0
0
14.4515
8.35666
26.1098
76.9789
4.11969e-09
4.11969e-09
4.11969e-09
23.0668
1.37932
0
0.345168
0.608926
0.594807
2.03443
2.03443
2.03443
2.03443
53.6373
0.705099
4.42335
0
17.9944
0.218672
0.218672
0.218672
0.218672
9.69735
6.47953
6.47953
5.48016
0.562663
13.5655
25.047
25.047
23.4218
6.55998
0.840546
0.452062
17.963
1.01773
7.37859
1.92145
1.05808
9.07013
0
0
0
1.91455
0.950732
1.14834
0
0
1.42174
1.42174
1.42174
22.0856
1.14225
0.048792
0.630333
9.20316
0
0
0
0
0
0.670381
0.670381
0.670381
0.670381
0.670381
0
9.56241e-08
9.56241e-08
9.56241e-08
10.9077
6.37419
0.788694
15.021
19.3849
8.48356
4.57806
26.4369
26.4369
6.67146
6.67146
1.4746
3.81053
0.410011
11.7831
11.7831
140.44
140.44
32.7208
0.820298
0.275158
8.92011
8.92011
8.92011
8.92011
0
0
17.1589
7.90373
7.90373
7.90373
22.6133
35.6484
6.48187
6.48187
0.557728
0.979966
0
0.021953
0.283946
0
0
0.101756
1.25975e-05
5.16826e-05
0
6.18357e-06
0
0
1.17687
0.0816193
1.02854
1.02673
1.02673
1.02673
0
0
0
3.45159
0.107826
0.107826
13.6317
4.64536
5.3745
0
0
0
0.487848
0.212739
0.296336
4.38127
13.4454
9.862
26.5053
7.20217
7.20217
2.57691
3.09082
3.09082
3.09082
3.09082
3.09082
0
8.80101
0
0
0
0
0
0.83342
0
0.705829
13.1498
757.067
3.32915
3.2404
1.67047
44.6489
0.219484
0.219484
0.0755162
0
1.40368
1.40368
1.40368
0.504162
0.879154
0
0.828153
0.828153
0.828153
0.828153
0.828153
0.828153
0.828153
0.828153
0.828153
0.828153
0.828153
0.828153
0.828153
4.77286
16.3523
4.2855
0
0.0175159
1.26082
0.523153
0
0.000742316
0.0523756
0
0
1.81445
0.508821
11.9798
5.3966
0
0
0.965822
0
0
0
1.77063
21.2688
21.2688
21.2688
0.0967828
0.360535
0.876609
0.416779
3.215
2.43188
0.0687684
0
6.03331
13.6821
0
2.74071
2.74071
2.74071
2.74071
2.74071
2.74071
2.74071
2.74071
2.74071
2.74071
0.591235
50.2484
1.80529
1.80529
0.553691
21.7427
2.30384
8.96879e-09
8.96879e-09
0.205907
2.30736
0.216753
1.58548
0.359424
0
0
0
0
0
1.08846
1.08846
0
0
33.2034
132.903
10.108
45.9024
0.13216
2.17084
46.6746
9.96772
0.536569
0
0.0407112
0.0407112
0
0.285653
4.28769
0.510179
5.52741
3.87409
3.58386
0.6476
0
1.36715
1.36715
1.36715
0
0
0
1.67963
1.67963
1.67963
1.67963
1.67963
1.67963
38.2098
0
0
0
0
0
0
0
0.433769
0.433769
8.15251e-10
11.227
0
13.1311
13.1311
0
7.43778
7.43778
2.17954
0
0.667546
0.931059
14.3469
6.68015
1.6384
2.09543e-08
0
9.59917e-07
0
8.92009e-10
0
0
0.306678
0.382175
0
0
0
0
0.157728
0.789113
0.000116489
0.575024
1.29645
0
0.535422
0.287056
8.03855
8.03855
8.03855
8.03855
31.1276
0
0
18.8643
6.00154
32.3985
2.52911
241.446
296.381
54.3695
1.11022
17.7926
33.3667
9.09365
9.09365
0
1.25902
0.822402
0.134035
19.3322
31.091
1.43492
41.5109
0.252725
6.03202e-06
0.250156
9.89025
1.72923
0.0906136
0
24.9392
0.378552
0.1125
0.17129
4.96611
4.96611
1.29983
40.1088
0.995632
8.80288
22.1585
492.136
0.0262055
0.0262055
0.0130724
2.3739
0.0352501
0
55.5918
0
0.818821
1.0275
34.9092
1.61414
9.75815
0
0
9.31295
2.11373
2.11373
0.83579
13.4676
2.29607
0.466254
3.78035
3.78035
0
0
0.839585
0.839585
12.569
0.0749605
4.74351
0.607514
0.607514
0.739075
2.03684
7.62461
0
0
0.0536387
1.93761
0.262541
3.0975
1.61175
19.4668
0.675802
8.80549
0
1.88875
0.590036
6.28846
6.28846
6.28846
13.9958
0.97657
0.97657
0.97657
0.97657
10.3613
0
0
0
1.08992
2.5
2.5
0.294892
0
0
0
0.179574
0
0.0617316
1.25271
5.00064
6.13047
1.11643
0
0
0
0
0
0
0.576668
0.0417639
0.0888363
1.45257
6.64554
1.58377
5.01262
0.649866
0.0147839
0
0.741392
1.92222
0.288503
0
12.3712
21.6541
0.023947
0
0
0
0.265452
0
0.655283
0
0
0.259045
70.2024
0
0
120.681
0.520963
30.4407
9.9283
0.664551
0.664551
0.664551
0.664551
6.25252
3.23544
5.16885
5.16885
0.201137
7.24291
0.129201
10.2623
5.78615
0
4.22736
4.22736
0.496142
9.36195
1.10506
3.07677e-10
4.23696
6.44355
0.267104
0
31.3194
17.7041
9.06871
9.06871
0.0376238
0.0170021
0.21244
0.0661908
53.4708
88.2121
0
15.6146
0.723637
1.8175
0
2.31419
2.18273
5.36358
8.13587
8.13587
8.13587
0.556838
0.556838
0.556838
0.556838
0.258353
0.586301
0
4.02878
4.02878
0.401914
0
5.32351
0
0.356532
0.356532
8.94358
0.265576
18.211
9.3798
9.3798
0.0668457
0
0
0
0.0204966
0.397387
0.189366
0
0
0.174125
0
0.962881
0.962881
0.962881
41.3266
82.3359
0.285232
0
0.276888
3.02084
10.4534
6.07729
0
0
0
0
4.61655
0.0174519
14.6884
32.9963
28.9588
5.87778
0
0
0
0.00856166
62.082
1.19093
11.24
11.24
0
0
0
0
0
1.20745
1.20745
1.20745
45.8333
8.96814
8.67774
0.0164565
0.259656
0.259656
21.5996
0.0214016
1.70682
0.637793
0.637793
0.637793
0.637793
0.637793
0.637793
6.46122
6.46122
6.46122
54.6914
1.04137
0
0
1.44656
1.44656
1.44656
0.592914
2.56905
0.319818
0.319818
0.319818
0.793142
88.0167
0
17.2932
58.2113
11.3464
8.59323
74.2302
15.3773
61.2326
0.229335
7.64663
0
2.72406
2.72406
2.72406
2.72406
2.72406
0.565711
0
0
0.179339
0.179339
0
0
0
0.3506
0
0.00122901
0.377096
0
0.126021
0
0.00919988
2.68208
0
4.28249
0
0
0
0
0
0.0637255
0
20.7864
113.002
10.8257
10.8257
10.8257
10.8257
0
3.94148
24.3189
24.3189
24.3189
24.3189
24.3189
24.3189
24.3189
24.3189
1.08038
12.3118
8.38648
7.62424
39.8158
12.3323
0.137716
11.0539
1.20009
0.861199
0.236304
4.57874
0
0.282803
0
169.136
36.3883
36.1789
4.54862
15.3206
3.32866e-10
1.23041
1.22466
1.22466
1.22466
1.22466
0.348458
0
22.5537
0.0980435
3.23631
120.927
52.0637
52.0637
0
35.6527
0.934083
0.036944
0
34.0486
34.0486
1.2733
92.8179
12.0455
0.475626
0
0.0139749
3475.73
5.26735
21.1876
3.08512
0.920743
5.99386
0
25.4614
1.99051
3.15603
13.0989
0.483691
0.483691
136039
0.723864
8.98409
0
0
0
176.559
46.9826
46.9826
20.5642
42.4217
0.169282
8.16324
0.114205
1.05029
5.23998
5.23998
38.9739
20.1573
18.0876
18.0876
18.0876
45.4174
9.78861
1.1675
0.231893
0.341887
3.54465
0.128205
5.76436
0
2.92732
0
2.14174
1.09156
15.3402
57.4977
7.55389
0.907903
4.31634
0.514538
0.514538
0.514538
0.163168
0.0722634
5.95555
0
1.61467
4.00659
0
0
0
0
0
0
0.477182
0.2754
0.2754
0.2754
0.535611
10.9672
3.04713
3.04713
0
0
0
0
43.74
45.99
0
0.185751
2.29865
4.44244
0
0.787205
0
0
6.65865
0
0
6.9415
0.778042
0
3.13001
0.897672
0
0
281.164
240.273
240.273
392.246
821.137
4.26059
1.31939
0.64952
0.585169
0.424773
1438.63
29.7584
1372.58
1324.87
305.5
2342.46
207.611
8.12431
178.152
139.06
136.552
108.331
220.284
0.333018
24.277
0.489849
45.742
24.1864
0.34307
0
0
0.0149413
0.0149413
0.0149413
1.0779
3.25928
0
13.0772
0
8.76769
9.63129
2.84201
2.89887
38.2774
6.40291
7.06066
7.06066
7.06066
7.06066
7.06066
66.9368
18.6836
0
2.50123
2.50123
2.50123
1.70989
74.2161
0.469538
67.468
0
2.95747
5.87132
0.838505
0
4.087
0
0
0
0.906239
0.0550428
0
34.416
18.333
80.2864
3.10495
12.2931
0.887302
0
0
10.0975
1.351
3.01268
3.01268
0.606092
6.58506
159.965
3.42081
11.0671
14.0257
0
17.6242
0.967093
6.04416
6.04416
331.467
34.1413
34.1413
6.83906
6.83906
1.40239
1.40239
0
0
7.24026
0
0
0.470575
0
1.7977
8.11447
16.1042
0.574147
7.63618
2.14112
1.68124
0.195784
3.84592
0
0.773103
0.284883
0
11.579
0.281179
5.79921
12.9791
3.34244
0.109634
0.676477
2.20231
2.20231
2.20231
2.20231
2.20231
2.20231
2.20231
9.55803
8.16281e-06
8.16281e-06
8.16281e-06
8.16281e-06
8.16281e-06
8.16281e-06
8.16281e-06
52.6252
0.680413
0
0.000174006
0.13461
0
0
0
12.1093
12.1093
185.849
0.879559
0.879559
0
0.233172
0.233172
0
412.839
0
0.106988
1.76597e-05
1.76597e-05
6.38352
6.51803
2.12935
4.37986
14.9801
0.0710843
0
0.147728
85.5817
0.731403
21.6707
59.6746
3.93018
6.22744
6.22744
22.5447
15.2937
0
23.6993
23.6993
0.988299
5.16518
5.4037
5.4037
5.4037
5.4037
5.4037
0
0
0
15.2066
229.336
0.689858
0
0
0
0
0
0.0919985
0.0562994
0.0586431
0
0
103.838
426.857
7.31964
1.71808
2.27035
0
39.4611
39.4611
106.942
1.96952e-07
0.186492
0.803832
8.56856
2.06331
0.728067
0.0254872
0.00672906
0
0
0
0
0
0.159673
0
0.155987
0
0
0
0.131472
0
0
0.385873
0
12.3422
7.49829
0
0
0.905578
0.20124
0
0
16.4366
14.4938
0
1.51236
25.2486
0.242549
0.242549
2.89108
1.3549
10.5454
10.5321
0
3.88568
0.205067
0
4.232
0
34.3112
1.63625
5.56876
5.56876
0.510279
1.20722
0.375234
5.23685
2.4276
1.54166
0
0.896149
1.08647
0
0
0
0
0
6.81542
8.82735
3.19417
10.484
0
356.431
6.77686
11.2452
11.2452
11.2452
25.5167
37.2597
3.02894
0
12.1605
13.9039
34.1419
14.0625
7.64913
0.331668
7.9454
0
0.531816
4.65967
4.65967
4.65967
4.65967
3.4125
3.4125
42.1725
42.1725
63.5449
3.57998
12.881
4.21272
28.0138
5.33868
0
11.6528
11.1556
10.9443
0.690523
0
3.06642
0
0
0.143175
4.13811e-05
0
183.49
241.637
7.68971
0
2.78992
8.0811
0
36.0856
1.29495
1.29495
1.29495
1.29495
1.29495
1.29495
37.5171
3.36073
0.00405597
0.162599
1.086
11.2124
0
0
0
0
4.6588
0
1.79537
0.608102
0.471664
1.14571
28.0082
2.1996
0
0
10.6623
9.83547
5.66
5.66
3.84702
9.34253
49.7558
0
1.29403
3.44947
0.891789
13.8059
1.017e-08
0.000300919
0.911632
0.00704895
24.9331
24.9331
24.9331
45.0446
45.0446
0
0.130471
23.4775
0.173759
0
1.69818
1.69818
1.69818
1.69818
1.69818
12.236
4.56245
6.62167
4.99339
0.737252
2.70248
1.60136
0.68789
0
0.847604
0.000156119
0.000156119
7.69481
1.12604
125.162
0.405627
8.01822
62.1065
3.50993
12.4613
0.149475
0
0
0
0.257832
3.6087
14.9918
0
0
1.38409
1.10556
0.974279
5.27158
10.5584
0.0130633
0.0130633
0
0
0.0744748
4.55783
4.55783
105.657
105.657
105.657
105.657
0.711382
35.4774
37.2164
14.1061
4.64663
0.372423
0
6.32742
0
0.481146
1.03563
8.5591
0
0
0
0.000198887
0
0
0
0
1.67542
0.393604
0
0.0473495
0.0473495
0.386305
5.78623
0
0.776979
7.10968
0
1.92484
1.92862
3.98538
1.3337
1.3337
1.3337
1.3337
14.621
0
0
2.04605
1.36157
0.585258
0.409869
16.7828
0
0
0
5.95144
3.35621
0.0089956
0.0845444
8.2368
26.74
5.16168
0.664751
0
35.2923
5.79642
0.498693
0.312162
0.312162
0.987521
0.181447
37.5337
5.03277
5.03277
5.03277
1.97837
0.638158
2.24004e-09
0.614041
0.871243
0
8.22296
8.22296
0.100104
0
0.0873067
0
0
0
0.0467014
0.0467014
0.0467014
5.04739
5.04739
3.62072
104.237
1.57623
0.450908
3.02613
14.955
2.79161
1.3688
0
2.7571e-09
7.84454e-10
7.84454e-10
0
0.116364
2.51471
0.984884
0.821882
0.314794
0
1.48006
0.0418276
0
0.0440762
0
0.0237175
0.0400851
2.55217
17.3705
1.61826
1.4077
1.32256
1.32256
3.85045
4.32867
2.06128
0
3.0459
3.0459
3.0459
3.0459
0
23.8079
5.76792
0
0
0.33941
108.376
26.6354
26.6354
0
42.8837
114.516
1.38899
124.664
6.99814
6.99814
6.99814
6.99814
11.6898
11.6898
11.6898
19.3188
19.3188
97.9233
97.9233
0.211811
0.211811
25.6459
0.80538
0
0.827885
0.015481
0.015481
0.015481
31.8781
0
0.245318
1.36985
5.84997
57.579
2.78157
9.56843
9.56843
212.748
7.49126
14.3434
0.602603
2.23348
2.23348
2.23348
2.23348
2.23348
2.23348
4.12158
0.00622465
0.00622465
0.0292576
0
1.63344
23.513
236.305
236.305
154.364
10.5964
0.0133631
0.0133631
1.56306
1.68339
0.0207375
0.288479
0.0204889
16.1241
0.222747
3.00324
0.193127
2.14076
37.2866
0.481676
1.80565
123.946
37.5564
0.073185
65.2384
58.059
23.3377
175.425
28.7172
6.56309
8.81744
3.97237
27.7219
5.65266
0
1.47032
65.7778
0.0236645
0.129382
0.0212363
0
0
0.14408
0.0215336
0.112753
0.0298363
0.0109196
0.208417
0.0474509
0.265272
0.516223
0
0.905278
0.535297
0.7379
1.04423
1.16409
3.30877
0.586126
0.67747
0.689895
1.68162
1.35789
1.60976
0.199814
1.54879
0.747403
1.43951
1.57924
1.523
0.627872
0.579413
0.935217
2.09575
5.15561
2.63492
0.870436
1.18738
3.95016
3.45917
1.54163
6.85414
2.86699
4.85833
2.87533
8.22603
38.1797
1.33176
3.48322
148.422
6.40997
3.2502
50.2584
24.6215
4.67607
0.00148434
0.00148434
0.00148434
0.00148434
0.323003
6.0957
0.803317
1.83204
11.307
20.6233
10.686
0
10.4135
0.247778
3.27012
3.27012
3.27012
3.27012
3.27012
0
23.3
1.20113
14.2207
164.828
164.828
0.648911
30.7037
8.24915
14.333
14.333
14.333
16.323
0
0
0
0.918925
0
0.881366
42.136
1.09288
1.09288
1.09288
49.7759
0.022797
0.022797
6.18982
0.24396
3.45252
3.45252
0
0.284769
19.5694
9.88239
0
2.79498
0
0
3.13085
2.39631
0.318041
0
0
1.15354
0
9.71097
9.71097
68.0816
14.5457
0
0.341614
0
15.9467
35.7843
79.046
0
3.12275
1.59271
1.59271
0.19179
3.88965
0.521773
0.0205828
2.30075
2.30075
2.30075
3.07387
7.67018
47.3457
30.5324
30.5324
0
0.507707
0.424742
0.0899133
0
3.87411
67.2732
0
31.5643
25.3287
16.2122
21.4634
8.87113e-11
0.0947313
1.4259
3.47534
0.131112
0
0.487379
282.893
194.165
1894.45
6.06976
6.06976
6.06976
6.06976
31.1118
1.19168
54.364
6.3364
76.5624
0
0.355081
21.6357
1.81701
0.00847813
0.00847813
12.7779
0.678425
0.514309
547.82
20.9357
20.9357
20.9357
18.4238
0
0
0
19.0287
57.9002
8.77669e-10
7.14001
0.0711317
6.89691
352.599
0
0.229679
7.11495
0.114531
14.5966
0.0171475
0.0171475
476.567
332.854
15.0799
15.0799
10.0928
0.0213422
0
0
0.131199
0.787195
4.10078
4.10078
4.10078
4.10078
7.05928
7.05928
7.05928
7.05928
10.8165
135.132
0.281703
0
23.8189
1.70997
1.45093
0.85682
38.0475
2.2748
0
0
0
0
0
3.30563
3.30563
5.16251
8.71645
24.0219
1.6969
1.6969
1.38589
0
1.06354
0.393405
1.24212
4.01248
0.487973
8.05273
8.05273
4.19103
30.7633
2.60347
0.765713
5.34866
0.0405151
6.61277
1.06155
2.91104
2.91104
2.18641
15.1823
28.058
0
4.35436
5.31494
10.1394
10.1394
0.381061
10.1935
0.353418
1.40725
29.4361
7.0518
1.02249
1.32696
1.32696
1.32696
0.00861017
2.55432
0
1.48918
0
25.2607
0
8.982
8.982
9.36099
9.36099
9.36099
8.77632e-06
0.033964
0.033964
2.82273
2.83908e-06
7.051
0.570155
0.570155
0
0
0
0
0
0
0
50.8264
50.8264
18.7458
0.852467
0.174358
4.7826
78.0142
0
0
0
0.182433
0.0934325
0
4.46096e-09
32.6718
32.9397
0
0
0.167671
2.36312
9.66559
52.9061
7.89506
7.89506
0
3.81827
0
53.6279
3.07753
38.4428
0.267401
0.168799
0.178546
3.77895
0.275281
0.275281
0.275281
0
0
14.4691
1.18626
0.321156
3.35482
3.35482
66.3376
1.75801
1.75801
2.91836
2.382
7.82801
4.11509
0.0783801
3.39752
0
0.000302973
0.030912
214.754
7.93252
0
0
0
0.755798
15.2674
0.306299
5.99068
0
0
0
50.2899
1.61372
8.37039
1.30442
15.3966
9.74033
0.408931
22.8576
197.182
42.5179
182.807
777.6
26.6566
0
17.6273
0.0333835
31.1043
9.1463
0
8.11246
1.40521
0.231123
7.88245
0.634461
1.62365
0.151032
0.160067
0.728399
0
57.191
0.0842474
0.0842474
0
2.66837
6.43853
7.52111
10.0708
0.804669
0
4.2275
9.56145
1.28134
2.08949e-09
7.11638e-06
1.17803
5.32467e-07
1.68633e-06
1.47068e-10
1.13557
1.13557
1.13557
0
0
13.8167
2.35205
0.673965
6.95036
6.95036
0
0
0
0
0
0
0
0
0.579281
0
0
0
7.7129
7.7129
0.334668
0.345178
0
5.02841
9.10054
1.0929
3.08829
1.13403
1.13403
19.6559
14.3914
0
61.8788
1.16706
4.45864
4.45864
49.1686
21.8398
71.512
0.679673
3.90152
14.8852
0.911412
0
0.805166
10.921
3.07437
3.07437
0
0.0125848
0.0990998
49.4439
0.0605252
29.3166
0
1.89644
38.5441
11.6656
2.55702
1.98568
0
0.873907
0.0269547
0.0269547
5.75434
0
0
0
0
0
0
0
0.999168
0.838585
9.77744
7.27735
3.19628
47.4655
147.044
1.98392
0.594889
2.0191
2.3554
2.3554
0.0385151
14.2922
0.000105327
0.000105327
11.7486
21.1899
16.5479
8.59451
0.00376681
0.492626
9.78049
0.0408097
0.0408097
0.0408097
0.51159
6.1697
0.288732
1.17146
0.0154639
0.144003
0
8.84615
75.1509
127.198
0
8.75107
1.89891
0.0788085
0.380242
0
10.5896
11.4252
11.4252
11.4252
0
48.2097
39.9279
43.1939
14.4027
12.8386
0.536163
2.48364
2.48364
2.48364
2.48364
0.514869
0.514869
0.514869
0.514869
0
0
0
0
0
0.0186965
0.0186965
0.0186965
0.0186965
0
2.62856
17.9045
17.9045
12.9841
1.63077
25.4892
4.97043
0
0
0
8.87746
11.3648
0
2.18536
44.424
1.26913
33.9571
46.6065
30.0922
104.557
6.95903
6.90134
9.36753
0
0.335523
0.679657
51.8771
0
27.1674
13.8087
87.6666
87.6666
87.6666
0.399386
1.63143
0.379153
43.5066
0.265236
1.16332
0
0.63602
0
3.08846
1.39711
1.39711
1.67201
1.36629
1.36629
1.36629
0
0.348678
1.52706
1.1414
0.417536
2.74366
0.764428
0
11.869
5.69948
5.69948
0.920033
3.87424
0.543823
0
0
0.117847
0.117847
82.2836
12.8605
12.8605
29.1255
29.1255
57.4505
19.3749
6.34347
6.34347
6.34347
6.34347
394.043
132.928
10.6221
1.82468
10.1338
10.1338
1.79999
2.43621
0.423185
6.44926
6.44926
0
0
0
0.336532
51.6976
34.4496
4.32253e-09
7.19146
7.19146
7.19146
0
0
0.131683
0.131683
0
2.882
27.6159
0.623355
24.0466
10.1415
10.1415
0.127629
33.3066
33.3066
0.0253269
15.4617
0.151786
4.39224
0.124955
0
60.6632
0.247026
3.09098
0
19.8027
19.8027
19.8027
19.8027
14.6547
24.2661
162.778
4.22878
24.0157
13.9747
0
0
0
0
2.73941
2.73941
2.73941
4.52226
65.5214
0
0
0
0
0
0
0
0
0
0.0575272
0
1.64899e-10
0
0
0
2.22702e-05
1.87993
3.00934
1.71797
0
0.275996
0
0.949037
2.32969
0
22.1554
0.449156
0
0.11344
0.63307
18.0095
12.3716
12.3716
0
0
0
0.886368
183.197
183.197
4.32755
0
0
91.9036
2.70891
1.13701
0.762206
15.0982
0.765885
0.765885
0.204872
0.046603
0.0017607
2.3507
4.12712
14.2517
1.92049
47.1435
0.320275
0.320275
0.319077
0.310184
12.6049
2.62747
0
0
0
0
0
0.32058
0
0
0.0683995
0.781696
0
0
0
0.530666
5.20499
0.458889
2.6849
0
0
0.24422
0.1968
0.703597
0.703597
0.703597
2.61608
2.61608
2.61608
2.61608
2.61608
2.61608
2.61608
2.70034
24.0984
0.0478948
0.456453
0.456453
0.456453
0.456453
34.5651
33.9062
3.97504
0.783932
7.86992
7.86992
6.5101
0
0.879068
1.36439
1.68227
1.68227
0.116775
0.110467
0.000218975
0.524485
0.279686
1.58322
6.87906
3.75685
0.190235
0.760472
0
0.438434
5.02635
0
0.128625
1.53837
14.9298
62.674
0
0
2.08728
0.44863
54.0736
0.58644
0.734213
272.696
0.28333
0.28333
0.28333
0.28333
0
31.2625
216.612
216.612
2.48423
14.6793
0.0596185
3.94867
0
1.47747
0.122439
0.239966
0.239966
0.956287
0.946222
0.946222
11.4268
1.05685
0.470189
25.5074
12.326
0
0
77.5039
0
4.23051
3.86768
0
0
0
0
0
0
0
0
0
0
0.0496262
0
0
0
0.0246769
0.0199578
0
0.272162
0
0
0
0
0.0493698
125.394
0
0
0.323932
0.148008
0.2782
13.9315
33.269
1.65632
0
4.27655e-06
0.891086
2.64884
11.3189
0.595455
0
0.182779
0
0
0
0
2.06489
2.06489
2.06489
2.06489
27.1579
6.36847
27.0199
23.5579
21.2578
0
4.84139
0.111845
61.7327
8.0222
0.267228
0
0.280932
1.18721
1.54394
8.28866
0.0721013
6.71076
1.52881
1.89549e-07
1.89549e-07
1.89549e-07
15.5316
15.5316
15.5316
15.5316
1.69451
0.077305
0.58204
0.290876
0.290876
9.31646
11.8229
1.65468e-07
201.302
86.736
0.622394
5.8527
2.00911
16.2296
0
0
1.83472
0.0189044
0.0189044
8.61159
8.61159
13.2164
13.2164
13.2164
19.894
31.3758
31.3758
0.953884
0.953884
1.69948
19.7286
0
0.267789
0.267789
0.267789
3.2862
17.9107
0
63.2268
0
1.2627
1.2627
2.22227
0.297534
0.297534
0.297534
0.182762
0
1.57289
1.00181
1.98892
0.0117609
2.99588
74.1143
2.74705
1074.55
0.0925823
0.0925823
26.5672
0.833821
0.062298
12.237
0
0
0
0
1.14611
0.22259
0.180746
306.119
0.982624
0.982624
4.79529
3.33183
0.0492049
6.58951
0.526916
1.22427
6.22038
1.25097
0
0
2.47497
0.134643
2.95369
3.67983
3.67983
3.67983
32.0838
0.274952
0.274952
0.584074
14.9072
0.627982
0.0516688
0.00217968
0.00217968
0.920147
0
0
18.4764
0.111024
0.373842
23.4305
9.04827
3.44116
13.4568
0.276931
13.9829
2.27276
0
2.9095
2.9095
0.988512
40.915
0.579088
2.02268e-06
5.95476
0.552811
0.0053353
0.0053353
131.008
318.429
35.9327
6.27074
352.099
0.365631
0.365631
22.5223
0.0791961
0.0791961
0.0791961
0.672951
2.00585
4.61581
0
6.64545
0
4.79999
0.957291
0
0
1.12233
0.955926
0
0.0751413
0.172316
0
0
0.179966
87.9455
0.87192
8.24701e-10
0.452904
2.03339
2.32964
52.4838
0.749456
2.03606
1.45358
1.45358
56.3158
0
0
0
0.0332392
0.0338239
0
0
0
0
0
0
0
0
0
0
0.033529
0.169866
26.4433
0
0
0
0
0
0
0
0.0252909
2.43608
0
0
0.20938
2.25941
0.519858
15.057
0.0212108
0.172184
5.09909
0.708571
0.824478
0.824478
0.824478
5.5601
5.5601
5.5601
5.5601
0
0.553017
1.17915
6.69998
0
0.27463
2.06326
0.434924
4.60213
0.149518
4.50338
4.50338
0
0
0.475944
3.1749
11.1052
0
0
25.4483
9.99667
9.99667
9.99667
67.5702
0
0
0
0
0.564398
1.05163
19.5639
1.82571
2212.18
25.1421
8.54574
0.573136
0
2.71088
0
44.8475
5.73471
0.151935
182.132
0.309299
0.499635
0.327111
0.00722449
7.65478
12.899
2.47037
4.15719
0.325903
1.79185
6.79911
6.79911
2.7881
6.25411
0.352205
9.13275
3.83944
0.0988016
1.78842
1.78842
1.78842
1.78842
6.55209
0.112443
0.112443
0.112443
0.112443
0.112443
0.211022
35.3812
35.3812
1.44119
0
0.29007
0.903752
2.96733
0.101954
0.101954
0.101954
0.101954
0.101954
0.101954
0.101954
0.780412
0.780412
47.9219
47.9219
47.9219
47.9219
47.9219
0.410591
1.35718
1.35718
0
1.37983
0.703742
0.703742
0.703742
0.703742
0.703742
0.687435
0.687435
0.687435
0.654504
0.654504
0.174903
0.174903
0.174903
0
0
2.28854
2.28854
2.28854
0
0
0.102371
0.202943
0
0
0
0
0
0
0
0
0
0
0
0.25379
0
17.5769
22.3993
3.34884
96.8094
0
13.0094
2.07516
2.07516
2.07516
26.5799
37.2545
30.8355
0.291049
0
0.388702
0.388702
49.5664
12.2232
12.2232
12.2232
12.2232
12.2232
71.9406
0
0.0958114
1.84251
0.212514
7.60697
6.28903
1.39208
1.39208
1.39208
2.74481
0.0193552
0.706024
17.7035
0.591611
1.66591
12.5785
68.6931
4.23085
4.23085
0
1.54031
1.54031
1.54031
1.54031
1.92905
1.92905
1.92905
0
0
0
0
0
0
0.184136
20.9747
0
0
0
15.0199
3.26803
1.83462
7.91868
0.376238
0
64.9546
2.11964
0.346287
0.00305775
0.154541
54.8029
10.4006
1.27508
0
0
0
0
4.86951
0.487707
0
24.7807
1.58685
1.58685
50.8008
1.00265
0.198036
0
0
1.74908
40.8141
0
10.2716
0.324402
0.324402
0.324402
0
0
0
0.00670368
0.0117986
0.0831826
0.0831826
45.0369
0
27.0625
24.0669
0
0.405122
0.0734431
0.0426114
8.68471
0
1.18744
1.18744
26.4473
3.35971
3.35971
3.35971
29.6316
5.6572
1.01359
0.631616
13.8319
4.10323
2.11539e-06
2.11539e-06
0.368261
0.368261
0.368261
0.368261
0.368261
0.368261
8.65577
0
0.512179
24.0274
23.6888
1.73594
1.73594
1.73594
1.73594
2.02153
2.02153
2.02153
2.02153
0.44644
0.912294
0.912294
0.912294
4.03282
3.16657
4.27066
0.298768
0.142277
0.142277
0
0.308019
0.888477
0.302771
0.302771
0.302771
0.302771
0.70593
0.222837
0.296166
3.62315
2.69436
3.5276
3.18415
0.0195181
0.310389
0.217633
0
0
4.63921
4.63921
4.63921
4.63921
0.111609
0.00262666
5.69679
9.06097
9.06097
0.511434
0.511434
0.511434
4.63759
1.13311
0.029078
0.029078
4.35533
1.12664
1.18053
23.9542
23.9542
0
6.84451
6.84451
0
0.106945
0.344805
51.5284
0.191799
10.6012
0.883839
1.23375
150.147
0.0581822
0
0.0773196
0.557731
12.9418
0
60.9
1.24874e-06
54.8344
8.51037
0.782284
3.98678
0
75.4895
367.135
330.992
590.636
15.0227
0.682821
13.6678
5.64941e-10
5.64941e-10
0.0243483
0.0819565
117.466
9.06699
0.529943
2.22002
2.22002
32.4628
5.44991
5.44991
5.44991
5.44991
5.44991
5.44991
5.44991
5.44991
0.365201
0.365201
0.365201
0.365201
0.365201
0.365201
0.365201
16.5072
22.5077
4.89243
38.6739
3.70562
7.00503
12.381
1.63266
8.57678
8.57678
8.57678
8.57678
8.57678
35.0415
49.6358
10.4524
10.4524
10.4524
10.4524
10.9973
0
21.7513
13.2485
5.20625
0.313152
8.68155
19.5109
3.51751
0
8.3687
1.13115
3.89683
158.008
5.2619
5.2619
5.2619
5.2619
5.2619
5.2619
22.2528
22.2528
6.62124
4.69598e-10
4.69598e-10
8.21824
0
0.0975165
0.589957
1.5594
1.5594
1.5594
0
13.2901
0
0
0.127347
8.99066
8.99066
8.99066
0.585689
0.585689
22.3516
0.194581
29.0939
0.536943
0
0
0
1.33318
1.33318
25.2367
0
0
0
1.90472
1.90472
1.90472
1.90472
0.501912
16.0888
0.77228
0.77228
0.77228
0.77228
0.77228
0.77228
0.77228
1.40944
43.8654
2.99095
0
0.335091
0
0
0.0531016
0
0
0.897003
0
0.224502
0
1.15017
0.213838
0
0.702123
0.114204
0
0
0
0
0.0652876
0
1.27485
1.6831
9.88065
2.31807e-06
7.01596
8.21315
0.794331
0
8.17153
0.347099
0
12.4749
7.18437
0.675877
19.7343
1.56114
0.91164
0.91164
0.200918
0.533284
0.0755162
9.56588
5.30515
5.30515
5.30515
5.30515
5.30515
5.30515
5.30515
5.30515
5.30515
47.8194
47.8194
1.70429
36.8956
0
220.479
8.0991
1121.86
5.16742
0.175096
0
3.83342
0
104.667
14.0868
0.902467
0.409135
2.12058
10.9784
1.86169
0
14.9305
11.9557
18.233
0.808234
23.0345
4.91267e-06
0
3.74363
0.485493
100.659
5.98455
5.98455
5.08648
20.2483
20.2483
20.2483
7.02266
13.3701
13.3701
0
0.445441
0.537427
0.0999789
0.756111
0.319425
132.07
2.81507
17.5049
27.3185
4.35004
0
6.19305
0.0515896
0.295535
0.220889
1.12394
0
0.501237
6.54108
18.8525
34.8862
28.4122
3.00869
0.301484
1.71292
0.0618101
0.0618101
0.0618101
0.0618101
1.20491
1.46722
0.665641
0.258056
0
0.151302
0.151302
31.1937
2.58764
7.02719
1.68849e-10
70.7092
0
4.02819
4.60282
8.45764
0
0
0
69.297
4.11786
4.11786
1.42617e-05
0
0
6.82174
2.93558
0
1.44623
3.69084
3.69084
6.21043
3.32519e-10
2.41056
5.76377e-10
4.31679
3.03315
3.5779e-09
29.8876
53.0875
0
2.97941
214.977
11.5461
15.681
7.68723
7.68723
14.8928
12.1252
12.8015
0
11.1028
8.70483e-07
8.70483e-07
5.46134
5.46134
5.46134
5.46134
7.1837
0.92383
7.70227
2.37488
7.63224
0
6.5909
0.000798463
53.2898
1.76919
0
0
0
0
0
2.73223
2.73223
2.73223
2.73223
1.3379
8.5323
1.85572
23.8678
10.0087
4.69208
4.69208
84.4853
0.453664
4.50777
0.547804
17.3026
0.217035
0
0
0
2.4046
2.4046
2.4046
2.4046
2.4046
2.4046
2.4046
2.4046
0.00439505
5.06975
1.81057
0
20.2467
20.2467
20.2467
24.9967
16.0533
16.839
6.68206
1.07817
1.07817
1.07817
1.07817
1.07817
1.07817
1.07817
1.07817
1.07817
0.33179
18.4179
2.95269
0.898956
0
0
3.92854
0.0720341
3.23273
3.24815
0
3.59827
0.256371
2.61966
2.41622
0
0
16.5029
1.23643
13.0643
3.01728e-11
0
0
0.082307
0.318728
0.199132
0
1.04974
29.3514
1.37722
0
0
0
0
0
11.5317
9.69045
10.3133
0
2.28745
0.266196
16.2947
33.7404
0.614045
0.276382
8.81773
3.99611
1.76929
1.76929
1.05943
1.44137e-06
1.44137e-06
5.7123e-07
2.32714
24.2467
9.91549
0
4.74238
0.000859439
6.14148
6.14148
6.14148
0
37.7777
4.93997
4.05971
6.6128
3.41164
17.3669
0.40764
0
13.1317
0.331738
1.14504
2.97116
2.97116
2.97116
5.49501
0
2.00543
0.0323996
2.06288
0
0.196989
8.1759
1.53677
0
0
4.0598
1.81132
1.81132
1.81132
13.8921
0
0
0
0
0
0
0
0
0
0
0
0.131819
7.54128
0.539873
2.56987
8.172
1.37878
2.45619
0.976798
29.6671
6.14985
6.14985
0.553643
0.553643
0.310853
0.310853
11.5922
11.5922
9.98662
4.14314
4.14314
4.14314
4.14314
1049.65
11.1985
2.65232
16.6827
99.5336
0.298236
0
0
0
12.9476
1.60758
3.44884
8.41343
0.407996
0
0
3.65508
0
0
5.52456
16.7078
0.482153
1.03087
1.03087
1.03087
5.44207
7.11363
0
0
0
0.672999
0
0
0
28.6584
2.84926
2.84926
2.84926
2.84926
2.84926
2.84926
2.84926
2.84926
0
0
0
0
30.3497
1.04296
0
1.82866
14.4244
1.88657
0
23.397
9.76664
0
0
0.078673
1.4617
0
5.09556
9.07216
18.6672
0
0.165204
1.09707
10.4736
0.17277
138.669
5.82517
5.82517
5.82517
5.82517
5.82517
5.82517
22.2137
1.05225
17.1778
0.131758
0.59919
3.59556
0.881612
0.369623
0.369623
0.369623
4.97956
19.8057
0
18.4155
3.77879
3.96304
20.7943
10.3304
1.44125
1.62066
0.439854
3.88777
7.69823
0
0.0245428
115.682
18.9875
18.9875
3.13032
3.13032
3.13032
3.13032
3.13032
0.56692
6.65
11.1232
0.731083
0
0.529825
4.66185
0
0
0
0
0
0.0637882
0.217308
0
0
0
0
0.0783801
0.033529
0
0
0
0
0
0
0
0
0
0
0
0
0
0.090759
0
0
24.6864
1.76377
0
6.39158
2.39009
2.39009
2.39009
0.0474614
0.0474614
0
0.111176
39.3358
39.3358
39.3358
1.91747
1.91747
1.91747
0
6.82415
18.9498
4.46094
57.9549
11.0063
5.87253
5.87253
5.87253
5.87253
1.04656e-06
0
0.0734902
0.0156008
0.123401
0.182599
32.1924
1.51875
7.06445
1.55772
1.55772
1.55772
0.288254
39.4624
10.4702
1.43479
3.94536
9.4108
0.215959
4.59971
0
0
0
0
0
0.469088
0
0
0.541256
1.2757
2.6898
0
3.00319
0.563197
1.22966
0.62545
15.591
0.76854
0.503024
1.06677
1.31135
3.02409
0.748914
0.131121
1.17068
1.21637
0.316597
1.08003
1.76716
1.86217
1.55181
0.608184
3.31342
1.55181
0.266568
2.71273
57.7891
240.047
42.2673
0.37078
0
0
0
0
0
0
33.4023
8.75041
8.75041
8.75041
8.75041
8.75041
227.905
227.905
79.0036
100.076
3.55961
0
0.179992
30.3884
30.3884
13.148
13.148
13.148
13.148
13.0355
7.30063
7.30063
29.7502
9.1055
63.1151
0.977133
0
1.02349
21.3143
8.13251
8.13251
8.13251
8.13251
1.77742
3.19037
15.8532
0
0.00109772
7.09123e-05
0.238872
0.0665738
0
0.534687
1.47048
0
7.36082
2.99648
2.99648
2.99648
2.99648
2.99648
72.968
9.4914
2.34603
2.34603
2.34603
0.91319
0.189112
0.189112
0.0465396
0.0250691
4.23125
0
8.96304e-05
1.5061
1.5061
11.3541
11.3541
1.79187
1.79187
0
1.48578
1.48578
0.0187206
0.0187206
0.0403845
5.52574
27.2116
0.00204081
0.0707261
0.0049465
0
0
0
0.0165272
0
7.42065
3.48469
12.6049
0.453545
2.23251
0.449294
153.117
5.44144
19.2748
177.393
18.4857
4.36201
28.5625
10.0153
1.9844
6.23932
11.7749
11.7749
0.824609
1.15458
27.877
3.8597
29.2275
151.913
12.6806
12.6806
3.24629
3.24629
3.24629
2.67011
0.265821
10.6912
0.713244
1.79094
36.8783
10.5245
0.226365
0.0285512
2.10528
0.494861
2.13928
2.13928
2.13928
1.85573
3.0957
2.28667
10.16
29.0079
0.543579
0
0.090759
0.0181478
0
0.448099
0.145461
0
0
0
0.235497
0
0
0.148249
3.56753
0.0975841
0
0.196409
3.74974e-05
3.74974e-05
4.49095
0.380308
0.994398
3.50233e-05
2.21607
0.404184
0.437945
4.21415
1.06079
0
2.65557
1.09691
1.6508
0.352807
0.344136
0
0.936904
0.936904
0.0770843
0
0
0.0647074
0.0647074
13.9937
4.3939
4.3939
39.6876
0.18068
0.0596184
0.532799
9.04572e-11
0
0.182496
0.159047
0
0
0
0.113312
0.143495
0.0476943
0.0476943
0.0476943
3.99998
9.051
20.3302
35.998
6.27579
10.0928
0.349808
0.102923
43.7351
2.19798
2.19798
22.1765
1.49032
6.26447
6.26447
6.26447
6.26447
6.26447
6.26447
6.26447
6.26447
0.591085
0.565571
0.927205
6.06026
5.66402
0.508457
12.028
12.028
0
0
0
0
0.142717
0.097653
0.0750468
0.0750468
0.0750468
0.055015
0.055015
0.055015
0.055015
0.055015
11.2581
50.0831
14.7101
6.85156
7.20071
0
0
0.0496883
0.0255844
0.639597
0.359027
8.47699
0
0.49044
0
43.5489
11.1521
11.1521
123.026
0
8.95197
13.4339
13.4339
207.943
1.09883
9.0633
11.5163
0
0
10.4128
9.39106
0.745271
0.000523982
5.07688e-08
1.49265e-07
113.782
67.7816
2.31598
2.31598
2.31598
2.31598
2.31598
2.31598
4.09637
0
0.083064
3.77559
3.77559
2.49795e-10
0.220863
93.7053
7.37307
7.37307
51.5132
11.2924
3.51828
0
2.71477
14.4593
2.55222
9.1824
9.1824
9.1824
0.42537
1.02844
0.945892
0
3.2691
0.0138791
10.1744
0.527954
0.636854
0
0
7.06093
1.24223
1.07881
9.49522
0.00306461
0.00306461
0.00306461
0.00306461
0.00306461
0.00306461
0.00306461
0.00306461
1.64024
1.46682
0
0.407556
15.8203
0.844952
0.182661
9.05622
33.0596
1.34445
11.8574
1.10726
0
6.07683
6.07683
24.0412
0.57748
0.0395748
0.219484
57.4079
8.89246e-05
2.31698e-10
19.8253
3.52025
9.89341
0.686262
0.686262
0.686262
0.686262
0.686262
4.29741
0.451856
2.83324
1.21598
3.30745
1.15326
19.0963
0.481735
0.0559535
2.13543
2.13543
0.0687513
1.99841
0.0932141
0.0456928
0.948553
0
0.0451489
0
0
8.12319
5.25682
0.235191
11.183
0.503687
4.96238
0.207937
4.91682
4.43733
2.27569
3.55387
3.19293
1.0197
0.905859
205.211
2968.14
0.131463
0.869435
0.11423
0.7661
0
0
0.101027
0
0
5.88371
5.88371
0.693567
0.400614
1.97978
103.992
3.11747
1.21719
5.80017
0.371145
13.769
25.1283
0
2.28297
0.163745
0
10.9569
0
6.68425
0.0089606
1.61433e-08
1.56276
0.718217
16.9897
0
0.226306
0.462564
3.74457
0
0
0.0115596
22.0305
22.0305
7.22457
33.6798
38.0266
20.3531
63.6376
63.6376
552.263
42.0407
58.9631
0.670817
4.04584
4.04584
4.04584
10.047
0.967334
0.570929
116.874
0
0
0
0
0
6.37427e-08
4.42997
1.0113e-05
3.68118
1.62712e-05
7.86773
0.0531307
4.2913
4.2913
4.2913
0.984222
0.35909
30.778
6.28883
6.28883
6.28883
1.08356
0.365221
0.409255
7.41281
5.74018
5.74018
5.74018
5.74018
2.96054
0.160479
25.0899
3.50236
2.68976
0.443663
0.0732745
0.0732745
57.4211
2.08804
2.08804
18.7644
9.17284
9.17284
9.17284
9.17284
0.621015
0.0347656
0.469716
0.438551
0
111.526
0
0
0.0978241
15.3959
15.3959
79.8049
43.1588
0
0
0
11.3599
6.62105
2.08818
0
0
0
12.535
0
0
0
360.246
0
0.734699
38.7055
56.0542
12.0696
0.227641
0.587299
1.29263e-08
1.29263e-08
1.29263e-08
0.581681
2.29024
1.76959
3.28106
1.11762
0.765003
8.55682
19.468
5.51966
0
0
0
0
1.25801
0.499558
114.314
5.87941
4.56701
0.0372748
83.1805
87.3877
193.067
0
14.57
57.2084
7.50316
129.402
0
0.272777
94.075
77.7712
0.00887895
0.0105858
3.43138
0.53471
3.32067
0
0
0
0.154767
0.00931382
0.0142497
4.06298
2.6009
2.6009
2.6009
2.6009
1.09562
3.5694
2.71863
26.8155
0.0199203
0.219287
1.77167
0.728577
0.387678
1.85176
0
12.9715
0.558666
0.558666
0.558666
0.558666
0.558666
0.558666
0.558666
0.558666
0.558666
983.66
0
21.4737
2.12626
18.2531
57.2877
57.2877
57.2877
13.7415
3.3999
3.22769
3.22769
3.22769
52.6629
0.0968499
43.6594
0
2.66878
2.66878
2.66878
10.1124
0
17.8137
0.0313239
0.0313239
0.0313239
0.0313239
0.0313239
4.14524
0
0.251053
8.03251
0
0.000843367
1.84924
0
0
48.474
3.93035
0.925885
1.10571e-08
1.10571e-08
3.96773
12.065
5.4847
0.479743
12.6349
38.8039
53.1443
18.6938
14.2679
13.6716
2.91332
1.05616
1.34001
1.34001
1.34001
1.34001
0.846635
1.21827
0.650554
0.650554
0.650554
0.650554
0.110242
0.0676133
0.0676133
0
1.79431
0.251524
2.9525
2.9525
0
0
0
0
10.8177
0
9.82819
0
0
0
0
0
0
0
0
0
0
0
1.11626
0
0.728248
0.053199
0.053199
0.444877
18.7668
0.809493
0.809493
16.5565
12.8874
23.3338
0.556849
1.35812
0.196331
0.196331
0.196331
0.196331
16.4357
1.54236
34.4075
2.76103
0
0
0
0.370711
0.370711
0.313105
0.804396
5.84776
0.650242
9.62402
1.72963
1.72963
1.72963
1.72963
1.72963
12.2376
21.8044
0.754616
5.13688
0.194314
0.194314
0.194314
0.194314
0.194314
5.27623e-05
5.84109e-09
27.991
5.51657e-10
6.34218
0.577311
0
2.70242e-05
0.167256
0
2.69434
5.05658
7.35378e-07
18.5976
2.45419
0
0
2.34941e-08
0.224072
0.0942296
8.97908
52.7354
16.0023
0
0
2.97599
10.9822
0
62.2484
0.00731371
5.22486
10.4746
19.4078
188.924
41.6845
41.6845
41.6845
0.237813
1.57945
1.57945
1.62386
1.62386
1.62386
1.62386
1.62386
1.62386
1.62386
0
0.571049
0.726253
0.726253
0.726253
0.162713
0.606732
0.911794
0.911794
50.5042
9.3089
1.79476
12.172
0
0
3.6732
3.6732
3.6732
3.6732
22.9877
16.1794
26.8754
3.65876
3.65876
3.65876
3.65876
49.952
2.24221
2.24221
2.24221
75.4822
0.905168
0.13037
0
0.230112
0.230112
0.230112
28.2418
28.289
6.5046
1.51994
6.18176
4.30907
1.36012
2.3111
0.49138
4.12894
0.250985
21.083
0.211222
2.55223e-07
2.94318
2.94318
2.94318
2.94318
0
0.741396
11.6731
11.6731
66.9838
3.45797
3.45797
2.11108
211.647
0.417485
0.00952938
0
0
56.478
0
0
0.00952662
0
9.85142
1.05032
0.998349
30.9258
30.9258
30.9258
30.9258
14.5708
0
1.52264
0
7.45782
1.13895
44.8795
29.7041
0.0656285
0.0423772
0.96148
0
0
0.576889
0.823162
3.66598
17.4703
0
0.664309
4.89198
5.94908
0.254208
0.536286
1.32797
11.6982
6.35847
1.20081
0
0.146904
0
0
0
0
0
0
0
0
0.501038
0
0
48.4039
0.405116
10.3172
11.9428
8.13284
0
0
54.3895
28.6321
68.9393
0
0
0.132521
0.654032
10.5407
0.159912
76.5116
1.58318
6.06776
7.61468
24.5702
24.5702
24.5702
4.6041
0.144868
6.77371
6.77371
45.0436
0
3.26842
6.46029
0.63984
0.704392
0.704392
3.84388
1.1689
1.44881
0
0.760881
0.197206
0.769104
0.769104
0
0
76.2719
25.1638
0
0.742893
14.976
1.72888
1.72888
1.72888
52.6026
6.23054
31.537
0.749688
0.0997176
0.0804145
0.0804145
0.0804145
0.0804145
0.0804145
0
0
5.51098
1.41764
5.22952
0
3.59384
0
0
3.84281
9.48062
1.2749
1.89137
3.01553
11.184
0
0
0
21.9019
28.2977
0.485442
0
0.257608
0
0
1.67555
1.67555
1.67555
1.67555
1.67555
1.67555
1.67555
4.8616
16.7415
29.1263
0.520992
0
0
1.09988
5.6551
6.28278e-07
10.8648
9.82572
1.58944
0
0
0
0
1.90646
0.321261
2.87391
12.6026
0.0612129
14.3605
0.199123
0.0117075
0.0117075
0.0117075
5.42792
1.6512
3.96537
8.55513
8.55513
3.00623
4.37031
4.37031
53.0415
6.2314
9.39009
62.2975
52.4901
3.00076
3.00076
3.00076
40.8118
0.495961
0.0986134
0.338416
26.4319
2.84496
1.86197
0.956947
0
6.02724
6.02724
0
0.31028
0
0
0.851694
2.92127
2.69171
328.036
1.77536
1.77536
1.77536
0.603392
13.3138
1.13203
0
1.16032
0.062691
0.582667
0
0
16.7222
1.0347
0
9.89981
3.20108
3.20108
1.41112
22.5585
65.7837
0.863746
0
0.610539
1.26758
0
0
42.3548
0
0
0.0674552
42.0132
1.53757
1.53757
1.53757
1.53757
1.53757
1.53757
0
0.183345
0.290516
0.0497324
0
0.0752489
0
0
0
3.91613
3.91613
3.91613
3.91613
3.91613
3.91613
3.91613
0.0627258
0.0627258
0.0627258
0.0627258
1.0363
10.6264
39.3637
0.292592
20.7893
1.60471
13.005
5.56717
5.56717
5.56717
5.56717
5.56717
11.2261
8.95246
26.2193
0.405045
18.5305
18.5305
18.5305
18.5305
0.680472
0.680472
0.680472
18.7031
18.7031
18.7031
18.7031
18.7031
6.82636
6.82636
6.82636
6.82636
3.09082
0.79376
1.98684
1.98684
1.98684
1.98684
0
0
5.12655
5.12655
5.12655
5.12655
5.12655
5.12655
5.12655
5.12655
7.38886
7.38886
7.38886
0.0253967
19.6932
0.27427
8.07688
0.00303181
0.703917
0.177303
0.190248
0.918097
0.969677
1.03358
0.856641
0.0452631
0.00164041
0.122431
0.64819
0.678299
0.726734
0.0274868
0.0258251
0
0.106494
0.418074
1.14857
0.00619224
0.0148284
0.232467
0.68138
0.00253976
0
0
0.00050669
0.00050669
0.400826
0.000189084
0.642874
0.0299785
0.905786
0.0164565
0.0794252
0.0401319
15.8666
0
0
3.32873
25.771
3.62168
15.4969
5.07824
5.07824
0
0
0
0.0083389
0
1.38461
3.15199
4.18186
1.1097
1.26791
1.55177e-09
0.044874
7.82237
8.9325
10.8187
1.17477e-06
0.0063918
0.47032
0.528949
0
0.175611
8.44344e-08
0.00109482
0.069363
0
0
0
0
0
0
0
0
0
0
0
0
0.19319
2.84676
0
14.0648
5.51844
3.41619
0
4.3615
0
0
0
0
0.529902
0
0.0263831
0.0263831
0.0263831
0.0263831
6.58281
0.274709
0.261472
5.143
0
56.3137
0.0323996
0
0
0
3.37103
25.8521
1.56043
0
0
13.8134
3.04002
5.39228
21.4637
0
28.767
4.28352
42.3489
19.7901
6.42095
76.062
2.43184
28.5322
1.38906
0.140191
16.9075
1.00004
1.94341
14.4559
2.63331
2.40943
4.41976e-10
1.96619
3.08042
3.08042
3.08042
23.2312
14.8753
0.287207
0
24.2205
10.7887
2.47461
0.0423772
22.1874
7.53741e-09
0.0556066
0.31384
4.74262e-06
2.5942
4.63898
12.8776
8.91726
0.885149
6.00223
13.0017
1.10685
0
0
0
0
1.2366
0.201353
16.5684
0
0
1.147e-07
0.857043
0
0
1.54116
0
0.273804
19.8865
0.166152
1.80899
1.80899
0.0949074
0
0.0398258
18.8901
10.2278
2.65214
26.8452
0
0.0209186
0
0
0
0
0
0.00738794
0
0.1164
0.836061
5.98061
0.706228
9.16629
9.52708
0
26.7889
0.48537
0
7.66256
7.66256
19.0008
0
0
0.183301
2.74562
2.74562
2.74562
2.74562
2.74562
2.74562
2.74562
2.74562
2.74562
11.1661
9.9102
64.4384
1.04046
1.04046
1.04046
0.486189
1.96488
0.463589
1.63779
2.20891
0
0.168863
3.28437
0.264458
2.37813
2.4628
2.4628
2.4628
2.4628
2.4628
2.4628
2.4628
2.4628
2.4628
2.4628
13.3929
0.553047
11.1619
29.4006
0
4.10897
0
4.57725
0.0828676
3.06683
0.525251
0.494546
0.379865
0.379865
0.379865
1.64442
30.8929
36.0228
0.306149
0
0
0
0
0
0
0
0
5.38921
17.272
1.77006e-05
6.68061e-07
0.114624
0.684229
0.182573
0.298756
0.000189584
1.21365
6.61076
0
0.277236
0.376677
34.4486
40.9059
0.516362
0.516362
0.516362
0.516362
0.516362
0.328004
0.291082
0.0496629
10.1087
0.179867
0
0.138141
12.8275
9.53762
1.30261
3.27044
17.9415
9.75321
4.70486
0
0.342362
174.192
0.000289341
0
6.24579
0
0
0
3.89346
0
0
0
0
0.354336
0.518006
0
0
0
0.0244789
0.432148
6.63002e-05
0
0
0
6.53903
0
0
0
0.0501587
2.12961
1.61233e-05
0
0
0
0
1.47609
0
0
0
0
0
1.17115e-10
0
0.0951783
0
0
2.09224
0
0
0.978691
0.978691
0.978691
0.641896
1.47211
3.92084
5.9779
0
0.274173
23.1733
0.568591
0
0
0
0
0
0.209525
0
0.0315985
1.05136
0.111433
2.93925
2.93925
7.07045
0.198634
25.851
0
0.0539898
0
0
0
0.194852
23.3163
67.6022
26.2562
8.19677
0.000560165
5.40535
0.00137699
0.00137699
0.00137699
0.119135
5.83377e-10
1.14528
0.0231596
1.89077
6.82348
5.85386
0
109.068
4.80471
7.03543
2.19228
2.19228
2.19228
2.19228
3.21221
0
3.65474
10.9067
0.00023607
0.00023607
0.468211
19.9144
0
0.415939
29.6264
0.942634
5.97341
5.97341
5.97341
5.97341
38.9645
227.754
116.511
0
24.8222
1.00429
3.45806
0
0
25.1262
7.54776
0.935216
6.61779
12.6359
10.7988
0.360013
3.47826
3.47826
3.47826
3.79589
0
0
0.118919
0
0.105765
13.5845
0
10.7353
9.90439
1.65094e-10
4.72511
8.04112
0
7.01843
0.907572
0
0.674577
0.0105266
3.67711
3.67711
1.44368
0
0.768364
0.0572018
526.203
0.431951
108.525
16.1143
1.43857
3.88735
3.88735
0.369433
0
1.74068e-08
1.74068e-08
70.3711
10.1927
3.42782
0
4.7859
0.882221
16.9832
16.9832
16.9832
16.9832
16.9832
16.9832
16.9832
16.9832
16.9832
38.4586
4.99319
27.6967
0.00872679
2.3416
2.3416
0.396392
0.0279497
0.304022
1.19751
1.19751
2.25392
0
0
0
0.0130017
0.0130017
0.0130017
41.6615
0
0.0731041
11.7687
1.66849
3.28703
3.28703
3.28703
1.00646
1.00646
1.00646
1.06962
0
0.0744934
0.239076
0.147017
0.0735083
0
0
0.182596
3.67973
3.67973
0.505617
0
6.16579
0.357252
7.32183
0
0.0134191
0.724537
49.6065
76.4631
0.149274
0.149274
1012.69
1.40786
1.43837
0
0
0
0
0
0.0626362
4.16467
0.729943
5.26026
4.5831
0
2.67249
0.0352191
0
0.0365308
1.85375
0
0
4.10574
4.10574
4.10574
4.10574
29.0733
52.3964
3.20924
0
0
0
79.0327
6.63856
98.8312
1.89391
0.167753
0.167753
0.167753
0.167753
0.167753
2.10094
3.43226
0
0.090567
2.0959
0
0.222819
0.16579
0
0
0
0.00846576
0.00846576
43.6893
0
0.0338239
0
0
0
0
7.43569
7.43569
7.43569
7.43569
7.43569
0.0599975
0.317839
0
0
0
0
0.152423
0.152423
18.9621
18.9621
18.9621
11.0813
11.0813
0.809966
0.203122
0.203122
0.203122
0.203122
0.203122
0.580566
0
5.72359
7956.46
0.235063
0
0.0510349
184.895
0
0
3.12463
9.50466
0
0
0
27.3104
27.3104
1.00749
0
3.65634
3.65634
0.0650733
0
46.6229
3.68351
0.444639
0
0
0.00941692
0.00941692
36.4274
84.9286
0.439251
1.20548
168.009
51.2722
51.2722
51.2722
59.5577
7.30146
14.7846
7.41413
0.145084
0.145084
0.145084
0.145084
0.145084
0.145084
0.145084
0
0
0
1443.02
11.4477
564.003
12.9384
6.11015
5.17046
1.59358
0.922959
0.252844
0
4.31617
12.7543
11.7665
40.5453
4.33333
79.6119
8.16117
11.6739
0
0
0
0.805201
0.354924
0
0
0
0
0.0624448
1.50291
3.29778
0.953186
0.953186
0.953186
0
0.203651
0
0.672565
5.53591
18.7356
35.2966
94.7206
21.608
17.0693
0
0
0
0
0
0
2.87401
2.1863e-05
1.05778
0
0
0
0
0.00749293
0.033406
8.53912e-05
0
0
0
0
3.16789
0.590835
0
0
0
0
0
0
4.71005
1.40412
0
2.0304
0.228011
0.0235274
0
0
0
4.89154
14.0357
0
2.14938
1.71858e-07
1.51503e-09
0.572683
12.3526
0.238217
0.43378
0.593558
18.4307
5.10882e-08
0.931544
35.6801
16.6728
0.341723
30.5345
0.444023
0.444023
0.444023
0.0758726
0
0.661069
4.62067
4.62067
4.62067
4.62067
4.62067
1.3937
1.04309
0.000241833
2.37963
0
0
0
1.47379
12.1081
34.213
7.61051
0.224502
0
110.437
0
0
0.239458
1.50282
0
0
61.1377
33.507
0
3.16294
0.584516
38.5275
0.972735
0.972735
0
0.220355
16.4511
13.5508
15.8666
0
0.0755162
0.0168531
13.7831
0.218751
0.218751
0
24.9299
1.12971
14.4152
77.3601
10.9603
46.1444
1.02283e-06
0
8.92969
8.92969
8.92969
8.92969
1.04095
85.509
1.39092
1.39092
1.39092
1.39092
1.39092
185.698
1477.78
7.50357
0.409992
0.274822
13.3358
2.47373
7.20594
284.749
5.94085
5.94085
0.0408097
0.0408097
21.4283
5.00919
5.00919
5.00919
5.00919
5.00919
144.541
4.31774
4.31774
4.31774
27.8853
0
0
4.6986
4.6986
4.6986
4.6986
9.92945
0.000649754
0.000649754
0.00599114
1.4906
4.87405
54.084
0
0.0391241
0.23632
0
15.9822
2.39064
1.47458
1.25218
1.25218
1.65633
1.65633
12.3358
1.93476
1.93476
1.93476
6.21
180.812
23.6717
11.0685
12.0459
85.2248
0.92612
11.8083
0.126089
0
1.8591
0
0.0651105
37.5516
37.5516
0
0.956056
0
4.4004
7.49825
0.761338
8.57732
8.57732
0.790131
0.417315
4.21008
23.8782
10.3135
16.8359
0
39.3883
0.0177066
0
0.0609331
0.0734648
0.0734648
0.0734648
41.3453
41.3453
41.3453
41.3453
0
0
1.06954
0.159457
0.209013
5.18615
13.5423
47.7248
0
0.141515
7.48474
1.57685
1.57685
1.57685
95.3498
0.402651
0
14.989
0
1.64066
0.0831247
0.912512
0.313582
0
6.65071
0
0.0783264
0.666742
4.45613e-08
9.02204e-09
0
13.344
10.2295
0
4.94175
0.477484
0.477484
0.477484
0.477484
0
47.0083
3.15234
318.967
12.1841
0.0362099
0
15.5818
10.4304
10.4304
10.182
29.8683
0.172145
0
0.0697952
0.0326749
0
1.98729
0
0
0
0
0
0
0
0
0
0.0350567
0.0350567
0.147182
0.305564
2.38966
0.0336758
0
0
0.140867
0.258884
0.664513
10.0766
0
31.1683
1.36655
75.2121
23.8541
0
0
1.97399
1.97399
1.97399
24.1598
0.246969
16.9524
0.994652
634.269
11.2613
0.517469
227.857
10.2567
0.823894
0.664522
0.158615
0
140.508
140.508
140.508
0
21.9225
1.93552
0
2.54349
2.54349
2.54349
2.54349
181.008
17.5246
49.2121
0
0.527074
0.633601
21.6428
0
0
0
0
0
0.471806
0.526525
0.526525
0.526525
0.526525
2.38047e-07
0.124261
0.124261
0.485913
0.456366
2.23194
1.5288
0.455506
0.391131
30.5282
0
3.78082
0
0.141736
4.84801
2.23055
12.9783
1.12219
7.02045
7.02045
6.54622
0
0.0730644
0.0788505
30.2442
12.2048
9.26172e-07
9.26172e-07
0.0768405
0
1.252
1.252
1.27294
0
0
0
0.871777
0.702178
38.9792
30.8219
14.7293
0
0
0.0293128
0
0.0380403
0
20.5187
0
56.1132
0.203087
0
69.4146
0
0
0.0234933
4.73302
47.9858
0.0182962
5.05518
0.769698
30.3789
13.3965
0.237092
0
0
5.99747
0
2.32506
8.51953
8.51953
0.244616
3.88807
3.88807
16.5979
1.69029
1.69029
3.6858
0.641331
19.5181
19.5181
19.5181
0
0
0.130242
25.132
0.309369
0.336432
13.5057
2.29483
0.410492
9.53378
0
0
0
36.5461
0.0856535
5.39922
0
0
0.69688
22.2516
3.95158
130.742
38.1934
0.218493
0.218493
0.218493
0.218493
0.218493
0.218493
0.218493
0.218493
7.04764
7.04764
7.04764
7.04764
2.64005
3.85735
3.96647
0
0
0
0
0.197657
1.16448e-08
1.04017
1.82592
1.60968
16.9659
0.337893
363.2
5.94309
5.94309
94.1009
208.765
6.72866
41.176
1.36184
1.36184
0.659117
0
0.427048
0.0890156
3.81066
0
0.661476
0.177133
0
4.91134
14.8068
0
16.0829
9.67145e-05
1.49235
39.5333
3.55862e-08
3.55862e-08
0.0836671
0
6.11067
0.168486
0.0436375
58.2772
1.14635
101.072
101.072
24.5253
9.50442
56.8395
1.43372
4.78469
4.78469
6.67482
12.6381
0
0
0
0
0.285053
9.8934
1.35222
0.468965
6.08979
3.76555
3.76555
0
0
0
0
0.116281
0
0
0
1.16825
9.69347
0
12.8149
8.29447
19.2421
0.213189
0.213189
0
0.0296518
0.0937257
0.137914
0.408586
8.46799
7.25618
52.4603
7.94169
21.6057
11.4858
30.3712
12.5635
14.3367
14.8391
0
4.72688
0.460482
15.9295
2.93325
2.93325
2.93325
2.93325
4.96874
0.0358017
0.00600891
0
0.0172208
0.0246035
0
0.316478
0
0
0
0
0
0
0
0
0
0
0.0155369
0
0
0
0
0
0
0
0
2.33352
0
0.0360975
0
0
0.00603121
0
0.00602303
0.0193726
29.7226
1.35496
5.02541
4.25999
0.152399
0.126919
0
0.351948
0.351948
6.58479
0
3.38478
30.3858
71.6421
230.188
21.1924
1.17512
0.101628
0
0.196765
4.42434
3.85271
0.325346
0
0
0
11.0924
11.0924
11.0924
11.0924
11.0924
11.0924
0.6149
0.171244
16.6251
5.85094
0.541093
18.1845
4.21569
4.21569
4.21569
4.21569
4.21569
4.21569
4.21569
4.21569
71.8774
0.405177
0.176225
3.28231
0
0.050207
0.987352
0
0
0.443663
7.70532
10.9882
104.181
104.181
104.181
9.53324
139.311
547.302
79.2507
0
3.66458
3.58905
8.4576
8.4576
2.91561
2.11281
12.4673
0.894309
5.70913
5.70913
3.73322
1.88268
12.4243
8.31637
0.839368
0.501629
0.399841
20.6218
0
51.2062
16.4038
0.15623
0.15623
0
0
0.411375
0
2.32246
0
18.7923
0.54181
0.54181
0.177044
0
0
0.38496
47.0834
0.609359
0.191336
5.05063
0.176704
91.2066
0.15824
0.130281
0.885281
0
0
0
8.09253
29.6003
42.4006
0
0
0
22.1952
2.109
3.31324
3.31324
62.9466
0
0
0
0
0
0
0
0
0
0
0
0
0
0
0
0.0921295
0
0.190658
0
0.790677
0.0324165
0.0324165
0
1.30368
21.0795
6.5457
0
1.95883
3.369
0.6219
0.270134
0.614145
0.342722
0.35838
0.041691
0
2.0655
0
8.13766
5.42475
5.42475
3.09333
13.2673
4.08407
4.0488
7.54419
1.39179
1.0347
6.70855
15.2009
4.07699
6.62225
4.12104
3.88475
0
2.27766
6.16957
3.57128
3.57128
3.57128
0.242215
1.60455
1.60455
1.69349
1.69349
1.69349
2.89242
2.2843
2.2843
5.18433
3.60576
6.59354
0.267236
0.512789
2.80715
2.80715
0
17.6607
1.6242
0
0
18.6377
7.18115
3.35375
15.9758
72.9119
5.66814
0.580669
0
0
34.78
8.34164
1.2653
1.2653
0
2.54422
0
0
0.097996
0.097996
2.23331
84.981
69.1005
0
0
28.0181
0.522358
6.0022
0.147337
0.0762908
3.55249
17.74
0.777313
8.05657
0
8.28327e-07
0.494484
0
0.428656
0
105.89
216.766
5.76782
5.76782
0
0
0.0927466
0.0325739
1.07852
0.814163
0.0213839
0
0
0.284408
18.8268
10.1873
13.2843
0.336803
0
0
0
41.7073
26.2035
0
0
0.657248
1.03902
10.8121
1.29956
18.5634
0.163266
35.315
1.91396
6.88177
18.8521
0.419863
0.191268
5.99707
1.35178
0
0.010282
0.00286686
0.629509
0
3.69806
0
19.3955
0
0
0.595989
0
3.78763
0
0
0.707946
0
0
6.53665
0
0
1.26584e-05
0.429971
0.133374
4.05263
4.05263
4.05263
167.403
0
0
0.402337
8.30133
0
0
13.0019
8.18213
10.0369
17.9211
23.6822
23.2869
0.661194
0.0907761
0
0.400168
24.8193
11.8636
0
0
0
0
0
0
0
0
0
0.332314
0
0
0
0
0
0
0.302703
2.54136
3.52138
0
0
2.7028
73.1854
2.51208
1.15496
0.153708
0.0289815
0
0
0
3.1043
0
0.363701
1.39579
235.661
29.2273
0
0.209243
0
0.0811941
7.38028
7.38028
7.38028
7.38028
7.38028
7.38028
7.38028
20.3649
0
0.305308
4.66354
0
0.0440697
0
0
2.30942
0
0
3.08275
2.22659
1.37397
1.37397
1.37397
19.3933
54.0772
10.6287
2.44672
2.44672
12.7747
10.1655
33.1439
43.71
1.5636
14.5926
0.701233
1.21155e-10
0.570398
0
0
0
0
1.82469
1.59674
21.3519
21.3519
21.3519
21.3519
21.3519
27.4458
27.4458
27.4458
27.4458
0.114746
30.0923
2.29615
0.631067
0.631067
0.631067
0.631067
0
0
0.636863
3.22145
3.24534
0
28.5774
12.3893
0.184081
8.40327
0.687989
0.0205992
0
0
0
0
0
0
0
1.09965e-07
2.22548e-07
6.3621e-05
0
6.3621e-05
0.000129265
0.0381433
4.02849
0.254528
0.311205
0.858003
0.898233
0.00787444
0.00787444
0.0180528
6.7113
0.585841
0.585841
0.585841
111.147
95.3542
4.72665
4.72665
0
0
0
0
0
0
0
0
13.8423
1.09778
0.498814
0.13959
0.13959
0.13959
0.13959
0
0
0
0.336693
36.3594
46.5173
0.342601
0
6.36327
11.2997
15.1176
15.1176
0
0
0
0.560619
99.9766
19.9617
6.82651
6.90752
0
4.68342
4.68342
4.68342
4.68342
0
0
0.106939
14.5294
36.6377
17.8336
0
0
234.871
8.52625
8.52625
0.610862
17.9046
1.66751
4.4467
2.5413
2.5413
0.477508
0.415917
0.605146
0.357672
8.11756
0.31793
0
2.16646
0
9.5263
49.2344
28.8656
27.7706
1.28568
0
0.234703
0.0994731
16.7944
0.000788712
0.000788712
10.4924
7.70071
0.177509
5.45823
0.636686
16.9437
0
0.243208
11.64
4.86183
10.2013
63.8304
0
10.433
10.433
6.99478
6.99478
6.99478
6.99478
6.99478
3.19404
3.19404
3.19404
6.95138
6.95138
0
0
0
0
0.00213329
0.00213329
0.00213329
0.00213329
1.27596
1.27596
0
3.19808
0
0.25685
41.3072
41.3072
12.9516
12.9516
4.2762
44.5618
5.33012
2.02474
2.44113
14.2568
1.81142e-08
1.73673
2.13638e-09
3.37973
3.37973
2.92008
0.0271408
5.68458
3.5615
0
0.236304
0
0
0
0
0
0
0
47.4621
1.18142
1.51259
2.4156
0
12.9452
0
49.1226
0.385228
1.97477
9.60826
9.60826
9.60826
9.60826
0.325103
0
371.92
11.7573
0
0.0503443
7.31412
0
0
1.20406
0
0
0
0
12.8824
3.96457
3.96457
3.96457
5.82809
21.0522
21.0522
0
114.889
32.3316
1.22092
0.890632
0
0
0
0.170776
0
0
0
0
0
1.26488
0
0
0
0
0
35.8793
35.8793
0
0.827026
1.01522
0
0.767837
7.35779
7.35779
7.35779
7.35779
10.6682
10.6682
0.355999
4.09109
4.09109
4.09109
0.824424
16.2446
16.2446
150.915
24.4846
13.8753
47.8834
4.57988
1.88666
0.0161118
0
0
0
0
0
0
0
0
0
0
8.67949
0
1.85322
12.116
21.3663
1.99881
1.56518
0.341044
66.5719
0.622688
31.5905
11.3718
0.53249
0.97522
32.893
32.893
3.37449
11.6567
0
0
15.9098
0
0
138.11
29.6779
10.9568
50.1071
0.386385
3.53075
7.98228
7.98228
7.98228
6.65467
325.601
0
0
0
7.54564
7.54564
0.217977
0.0729816
1.22319e-09
3.88114e-10
0.000260575
8.85621e-05
0.0716669
0
0
0
0.0905096
0
0
0
2.01853
2.01853
5.67316
0.143824
1.84592
1.84592
1.84592
2.60391
0.807966
0
10.6668
0.982903
0.44455
0
167.291
31.1505
1296.96
7.90097
5.52415
88.1486
9.82548
81.9939
0.0172693
26.7984
35.0149
0.182973
0.0302626
0.0302626
0
0
0
237.771
7.25156
0.0584706
38.3368
38.3368
0.76959
11.8314
18.1508
7.48482
13.7459
85.0863
1.66817
63.2112
0.117467
7.10924
0
45.3894
0
0
10.2723
0
0
0
0
0
0.98768
0.98768
0.98768
1.51371
9.36318
0.059133
0.059133
0.059133
7.5806
3.16346
0
15.1846
8.40638
0
0.664241
30.7918
0.591733
8.45922
7.60978
2.61196
0.104153
17.4383
1.29967
0.553292
11.1163
0
0
0
6.15339
0.000938423
0.097912
11.5512
4.91315
129.223
3.94772e-07
1.71184e-07
1.71184e-07
5.45451
3.72931
0
0.443445
2.82939
0
0.574441
0
0
0
0
0
0
0
0
0
0
0
0
0
0
0.0629984
0.0629984
0.0629984
0.0629984
0
3.01728
71.6485
0.289263
0.842655
94.9266
3.81273
0.502145
2.07963
6.03492
23.0672
3.82433
0
0
0.0223886
0.0223886
0.0223886
0.0223886
0.0223886
0.00921929
0.284047
0.208215
0.800833
1.95797
0.826941
23.6078
10.1279
0.00471043
0.249028
3.29586
1.36669
1.07643
67.2165
18.3394
4.66826
0
0.0913794
4.83636
0.260621
0.260621
0.260621
0.260621
0.662684
0
0
0.0142651
0.0142651
0.0142651
0.0142651
0
0.98969
0.803113
0
0.736649
22.0851
0
0
0
0.626508
0.312024
0.620331
0
0
0
0.915695
16.4201
16.4201
0.475572
7.07004
1.97936
1.97936
0.485334
0.862431
0.827339
0
0
2.80882
3.37647
2.39927
1.54611
0.753773
0.755744
0.755744
0
0
0
0.925524
0.645406
0
0
0
0
0
11.1804
9.78451
9.78451
0.359217
6.47667
0.0769983
0.0769983
0
7.6265
7.6265
0
2.69907
0
0
1.25681e-10
0
0
2.7719e-10
0.48123
0
10.309
0
41.3275
0.669938
34.797
34.797
34.797
11.8675
51.5421
32.6655
0.0144203
0.556854
0.556854
21.4461
5.73109
5.73109
5.73109
5.10897
27.8314
8.44211
1.5671
0
0
5.05192
1.033
0
0.401338
0
0.227918
0
0
0
10.2646
0.673083
0.806935
0.754359
1.87741
18.215
1.38636
12.3022
0.733753
0.122421
0
0
1.32865
0.455589
1.43982e-05
0
0
1.19464
207.641
12.9134
0
0.0354297
0.662648
0.305045
0.305045
0.592899
0.648147
0.648147
1.00034
1.00034
1.00034
0.0300145
0.0300145
0.0300145
0.0300145
37.521
5.47502
5.47502
5.47502
2.31788
16.3892
0.147071
4.34193
8.79961
8.79961
8.79961
5.6431
7.43288
7.88069
4.39058
1.52207
38.0805
10.4093
10.4093
10.4093
2.14461
0.301078
1.70764
1.70764
1.70764
1.70764
0.000660129
7.56208
0.873971
0
0
0
0
0.282367
0.258427
0.443645
0.606603
26.0027
1.53779
1.53779
3.73777
0.935759
0
0
3.68734
4.0261
0.012209
3.72766
0
0.0522654
0.0522654
4.6727
0.338533
2.18512
21.7418
1.72036
1.72036
1.72036
0.133158
0
0.0416673
111.17
81.9744
1.43429
89.4836
9.18464
288.386
107.617
29.8654
0.120938
250.515
0.823685
1.46283
2.30574
2.30574
2.30574
0
157.68
0
216.728
0
0
0
10.031
0
6.34913
4.30414
0
323.592
1.76168
2196.39
5.14236
0.000138524
0.000138524
0.07048
1.85756
0
21.0945
0
1.21778
1.21778
64.3698
0.783529
0.834273
17.6411
8.10428
3.33697
1.33185
34.9663
12.5481
6.2922
95.926
40.5995
18.0069
454.071
166.78
94.328
45.0466
0
0.0183775
0.0183775
0
1.55957
0.385146
1.35004
0
0
0
0
0.279446
5.45524
1.49213
3.1486e-09
3.1486e-09
0.617808
0
0
0.587113
0
0.120065
9.48661
10.4015
6.06402
20.7188
0.295151
0.434616
0.0635643
0
0.279785
3.83125
24.8151
21.0509
3.80449
0
0
0
0
0
0
0
0.123663
0
0.00169933
0
0
0
0
0.0124694
0.0712018
0.130949
0.0467514
0.207611
0
0.254358
0.444153
0
0
0
0
0
0
0
0
6.04832
0.63173
2.68603e-09
0.13466
0.160186
6.84614e-10
0.0353193
0
0
0
0
0
0
0
0
3.90626e-11
0.000540249
0
0
0
0
0
0
4.3159
1.8936
1.8936
1.8936
1.04926e-08
18.026
18.026
18.026
18.026
0.250598
0.195687
0
0
0
0
0
0.318055
0
0
0
0
0
0.101727
0.101727
0
0
0
0
0
0
0
3.87248
3.87248
0
3.82758
17.5671
3.335
0.1763
0.1763
0.1763
0.1763
0.1763
0.1763
0.1763
0.1763
18.5538
0
36.0525
6.41654
2.65069
37.3589
0.319159
2.36154
0
0.242792
2.71879
2.71879
1.03237
1.03237
0.295822
0.00444789
0
0
0.779892
0.363949
0.181975
2.88306
0
0
0
0.169011
0.169011
0.169011
0.169011
0.169011
0.169011
0.169011
0.169011
0.169011
0.169011
0.169011
0.169011
0.169011
0.169011
0.169011
0.169011
1.25341e-10
2.15274
540.131
5.42005
5.42005
16.2609
16.2609
4.46826
4.46826
2.5847
2.5847
2.5847
11.8589
36.6779
1.53622
33.0062
4.69129
10.1134
10.7581
3.90513
6.23651
0.0187772
33.6144
3.97653
124.454
0.154717
0.237107
0
0
0
0
0
0
0
0
0
0.039861
4.48253e-10
1.98983e-05
0.0251903
1.00454
0.0139984
2.09073
4.13422
0
0.340233
0
0
0
0
0
0
0
0
0
0.0765579
4.39149e-05
0.0361036
0.0311615
0.109556
0.264471
0.0293098
0
0
0
0
0
0
0
0
30.1984
38.9647
1.31213
9.04515
2.15509
7.18708
1.73207
0
1.64638
5.10615
4.28783e-08
0.135146
0
0.70857
8.99533
7.14689
3.39359
47.1177
25.2451
275.967
0
0.1402
0
0
0
16.6649
0.627164
3.6201
3.6201
0.347508
0.745836
0.860788
29.677
7.60335
0.39832
0
0.172841
0.558136
4.79319
4.79319
2.80927
2.80927
2.80927
2.80927
2.80927
0.0580416
0.0580416
0.0580416
0.0580416
0.0580416
0.215604
0.215604
11.2323
11.2323
6.0212
6.0212
24.9924
24.9924
24.9924
20.6823
20.6823
20.6823
20.6823
0.974729
0.974729
0.974729
0.974729
0.974729
24.7576
10.0154
10.094
2.99293
2.99293
2.99293
2.99293
7.16785
7.16785
32.117
0
66.9935
31.3131
31.3131
0
0
0.510165
8.85087
0
0
1.20759e-06
1.20759e-06
4.92533e-07
1.60782
1.15444
3.67955
1.54404
0.848053
5.65983
2.31588
0
0
0
0
0
0
0
0
0
0
0
0.144627
0
0.410714
15.1979
3.70381
3.70381
3.70381
2817.98
3.7551
16.2738
0.684425
18.7271
2.33035
0.70215
0.709548
0.709548
46.0196
3.43821
32.6914
52.2052
52.2052
52.2052
52.2052
3.84286
3.84286
1.36131
0.378948
0.934961
1.57576
1.57576
0
0
0
0
0
0
0
0.0694871
16.53
35.7188
17.8903
3.49011
115.203
0.93798
16.0341
6.90981
6.90981
0.516778
2.4805
0.189846
1.14421
5.99363
0.0168145
0
0
4.29031
0.00895204
1.03164
12.4049
0.0518367
375.461
6.65617
6.24274
0
0
0
0
13.798
16.5382
29.8019
7.33537
37.7122
2.57016
1.41076
0.020435
0
1.71577
7.00434
0.0245571
0.897997
2.53302
0.129088
14.9369
13.1712
0
0.0698936
0.112077
2.03723
0.248748
0
0
0.155629
0
0
0
3.5702
1.0682e-08
3.67096
70.2222
1.73832
0.894425
8.58629
0.194528
1.00624
1.00624
0.425871
0
21.0448
0.25991
0
0
0
0
1.68576
1.68576
1.68576
0
0.172424
0
4.15194
0
0
0
0
0
0
0.233638
0.466279
0
2.2867
4.27829
3.41866
62.6068
0.453665
3.85487
1.18027
14.0183
0.962993
4.58764
1.45937
0
0.141338
0.529228
0
0
0
0
0
0
43.0022
10.8359
10.236
2.65627
0
105.051
5.00941
86.5832
24.7884
38.729
0
0
11.867
4.21817
0
0
3.16709
0
17.604
0.695884
35.5297
0.567479
0.856917
44.9318
0
0
0
9.0085
6.09437
1.93804
0
3.00416
3.00416
3.00416
62.4316
34.1431
0
0
0.609078
0.609078
0
0
0
2.78522
0.0635157
0
0.11569
0.0353319
11.4757
3.75419
0
5.34205
0.498471
0
0.705088
2.70898
0.192896
48.6673
2.1367
0.628474
1.91892e-10
0
0.295872
0.0416444
0
0
0
0
4.74315
0
0
0.416155
0.0987023
0.164121
2.31131
18.8756
0
9.69765e-09
0
0
43.7246
18.8052
5.80952
5.80952
5.80952
5.80952
5.80952
5.80952
5.80952
0.557736
0.557736
13.5301
52.4986
0
1.67999
0
0
9.24717
0.0844221
0.152948
2.16534
0
9.9474e-05
0.676309
0
0
0
0
0
0
0
0
0
0
0.665011
0
0
0
9.95461
0
0.161941
2.31367
0
2.33834
0
0.00010352
0
7.72735
1.48778
1.48778
1.39747
3.6599
60.9339
1.08681
1.08681
0
0.315223
17.8077
0
4.56765
4.56765
1.85696
1.85696
1.85696
7.33799
0.0536617
0.0536617
13.5804
0
0.0975841
0.109858
3.58498
1.0008
3.63665
0
0.489716
0
0
0
0
0
0
0
0
4.40962e-08
1.91273
0.0190171
0
0
0
0
0
0.332959
0
0.491497
0
0
0
0
0
0
0
0
0
0
0
0
0
1.45389
0
0
0
1.45389
0
7.98511e-09
0
7.98511e-09
0
0
1.45389
0
0
0
0
0
0
0.0691676
0
0.4339
0.4339
0.4339
0.4339
14.4174
0.326306
0.326306
0.326306
0.626988
0.241887
4.98087
0.626291
0.361999
0
30.0209
33.728
0
1.02082
1.52637
1.76672
9.72727
0
3.25606
0.0503172
0.247805
19.5194
219.917
76.9039
76.9039
23.7862
9.88334
2.48232
1.4328
1.4328
2.4934
0.0733954
1.02922e-07
4.41835
1.15189
0
0.755694
6.13149
14.097
0
16.8429
0.75869
2.97544
0
0.915314
0
28.6125
1.99095
0
0
0
0
8.47944
52.2629
0
0.0266506
1.92569
0
0.064826
0.129777
1.05446
3.85169
0.637869
1.02136
1.29098
0.557522
0.197311
0.156336
659.28
0.04656
8.37784
0
33.5277
366.358
2.51989
0.437616
0.132594
30.5056
0
0
0
0
0
0
0
4.43034
4.43034
4.43034
1.38419
13.4971
0.151982
0.0161795
2.63457
43.6836
0
0
0.0985471
0.0985471
0.0993904
20.2407
1.76918
0.205741
0
9.31549
1.23565e-08
3.66313
4.53179
0.351331
0.514102
3.78515
3.78515
0
3.6192
0.640987
19.0372
2.23531
4.86844
2.33061
1.63322
0.0103795
0.586682
25.5408
23.9104
3.0177
3.3633
0
0
0.428272
11.6605
7.96618
0
0
0
0
0.251109
0.0758052
0.0418711
0.0851988
0
0
0
11.5852
4.04642
0
0
6.84892
6.40975
6.40975
2.73628
11.4791
0.13661
0.13661
0.13661
0.13661
0.13661
6.73679
6.73679
2.41616
2.41616
2.41616
2.41616
0.0542815
18.3604
0.0760805
0.10167
0.0549942
5.2003
5.2003
0.105309
0.0668856
0.0749814
0
2.53608
0
2.05044
2.11126
2.11126
0.342196
0.374528
0.374528
0.374528
0.374528
1.23118
17.4612
5.6034
0.489082
0
3.8262
2.27577
4.6167
0.0575735
0.140976
3.80597
7.20124
0.280703
0.324056
0.685033
0
1.94973
1.94973
1.94973
19.0564
9.3175
0.75672
12.842
0
0.173221
3.76387
0
0
0.857967
0
0
0.165438
0
0
0.530703
2.97453
0.30268
0
11.0378
16.553
0
0
0
0
0.0323996
0.803653
0
3.1099
1.43292
5.13434
47.2668
0.00191157
0.138335
0.718333
34.9539
34.9539
5.00595
0.321808
17.4576
0
0
0
0
0
0
0
0.0686772
0.0689571
0
0
0
0.0463526
0.0463526
0.0463526
0.0463526
0.0463526
23.7034
0.657866
1.10181
1.01722
0.549417
0
0
11.4041
0
0
49.8954
0.326638
0.326638
0.326638
0.326638
0.326638
0
0
0
0
0
0
0
13.0882
0.795589
2.45161
0.408331
15.6044
1.32218
13.4843
1.16221
14.1382
2.84495e-05
0.161073
0
0
0
0
1.04853
0.690868
0
0.309382
0
0.407398
0.386906
0
0.132821
0
2.71064
6.4141
5.15044
0.882988
0.319719
0.583566
0.583566
0.491504
1.61885
2.6752
0.411793
0.487883
26.5776
1.04798
0
0.0195519
0
0
0
0.1276
4.50981
0.000516012
2.03817
0.16796
0.16796
0.16796
0
0
0.33602
0.33602
0.33602
0.33602
0.33602
0.33602
0.33602
0.33602
1.55283
0
0
5.49175
10.4672
0
1.76195
0.287931
0
0.201497
0
0.129739
0
0.750645
3.74307
0
2.9886
0
0
0
0.390365
25.3137
7.57809
1.9482
3.75588e-08
1.02469
30.8376
4.69348
4.69348
28.1526
10.1384
0.104507
2.03876
140.337
6.18101
0.720031
1.05075e-07
1.05075e-07
1.05075e-07
5.72229
6.05043
1.09582
26.9578
26.9578
0
0.225786
0.554994
0
9.03332
0.5043
10.1759
10.1759
1.8981
7.60787
3.63196
0
0.296066
0.340674
0
0
3.7501
0.662955
1.12658
0
0
0
0
0
0
7.00123
0
25.6752
30.0381
2.75563
2.75563
0
0
0
25.9958
55.6759
0
0
3.99129
30.6663
1.67046
1.81927
1.81927
0
30.093
30.093
15.0895
15.0895
15.0895
15.0895
2.0006
2.0006
2.0006
2.0006
0.668267
43037.1
9.7383
1.17839e-08
1.17839e-08
1.17839e-08
1.17839e-08
1.17839e-08
1.17839e-08
5.5422
65.0616
0.00071206
0.084684
0.0509672
0
5.35957
8.66482
0.921087
0
4.21518
11.7844
1.09114
0
3.44131
3.44131
3.44131
1.31325
2.77085
2.77085
11.6439
0
39.3639
2.47214
0
0
11.6455
0
0.173779
0.173779
0.0733942
5.2138
5.2138
5.2138
5.2138
5.2138
5.2138
0
33.8287
1.01942
0
0
0
0.00610587
3.24925
0
0
0
31.8992
1.72514
4.14121
0
0
0
0.0137747
17.1584
0
0
0
0.445016
4.56514
31.9439
2.87163
2.87163
0.604308
0
0.061608
3.35369
3.35369
3.35369
1.82071
0
0
0.214938
0.00923982
0.00923982
0.196593
0
0
0
0
0
88.1662
438.365
5.83807
5.83807
6.95306
0
0.595128
0.845064
8.20635
8.20635
3.0377
0
0
0
9.42587
0
0.506907
559.254
1.38245
7.13174
12.1851
7.99746
19.1628
19.1628
0.38541
0
0
5.87803
2.26977
0.481712
0.481712
3.13487
7.51626
7.51626
7.51626
0
14.3457
21.5352
15.5924
15.5924
15.5924
0
11.4034
11.4034
5.9129
5.9129
7.17184
0.155905
0
0.273356
28.3601
14.6726
1.23512
2.33528
9.67634
2.06484
3.07211
0
27.2625
27.2625
10.1124
10.1124
13.007
2.66823
8.65222
1.74468
0.114872
0.207446
0.0133445
0.0969743
0
0
0
0
0
0
0.0258632
0
8.02541
16.1242
6.96008
6.96008
0
0
0.0253686
0
0
0
0
0
0.0230202
0.141515
4.23834
2.05488
15.6159
0
0
0.0992899
0.0992899
0.0992899
0.628836
25.7217
67.6361
16.9652
15.8767
16.8721
0
1.8045
4.88059e-06
0
2.3001
0
0
0
0
0
0
0
0
8.65965e-07
1.26574
1.76415
0
10.9003
0.639236
0.639236
0
0
10.958
10.958
10.958
10.958
0
0.0624448
0
38.0382
12.7924
3.07668
2.98989
0.850106
0.850106
2.21267
2.99706
0.76907
4.3908
1.00285
13.096
23.9284
7.17608
0
0
0
65.9144
1.30792
0.24775
0.24775
2.06716
0
0
1669.7
8.73426
0.167784
1.37925
0.0257411
0
0
0.521893
0
0.0624448
0.02478
0
5.11324
0
18.9689
0
0.194653
0
30.6424
3.35196
3.35196
3.35196
0.79534
2.37831
0.392976
1.48005
0.879241
9.38929
1.47152
16.2272
2.48688
0.919271
0
0
0
0
0
8.57747
0.738426
0.738426
0.738426
0.738426
0.738426
0.191936
0.191936
0.191936
2.64639e-06
0.550135
1.62323
1.62323
0.243205
3.19945
3.42152
8.00054
1.11644
0.0521203
16.6948
0
1.54909
21.7744
0.0620905
0.0620905
0.0620905
1.56645
18.4592
465.472
10.6691
4.24739
10.866
10.866
1.79536
3.02334
0.0106873
0.17887
35.1502
0
0
4.44922
4.44922
4.44922
4.44922
4.44922
4.44922
4.75026
687.282
35.9671
0.111664
13.522
0
0.836051
0
20.1504
0.268954
13.9217
12.0704
12.0704
0.115436
0.115436
0.115436
15.676
10.2142
0
13.987
0
1.75166
2.70447
0
0.156205
6.1223
0.947559
0.947559
2.3928
0.0198036
0
1.12649
1.37448
0
0
0.710985
0
0
0
0
0
0
0
0
0
0
0
0
0
0
0
0
0
0
0.638077
0
0
0
0
0
0
0
0
0
13.93
20.2829
139.712
139.712
12.963
12.963
14.7141
1.35512
1.99429e-10
0.640987
0
0.114093
0
1.99724
20.8005
6.40465
0.84643
11.3595
0.377094
5.05789
28.1528
205.113
17.5627
6.23711
6.23711
1.38345
3.19516
0
21.7234
1.31263
1.34586e-05
7.02578
2.07555
2.07555
2.07555
2.07555
2.07555
2.07555
2.07555
2.07555
57.8559
0.0103052
0
0
0
0.126437
17.1106
17.1106
11.6427
11.6427
11.6427
2.12151
2.6661e-05
0.788875
16.1872
3.32289e-07
24.2134
1.30827
1.30827
19.1476
0
0
0
0.822027
18.4341
0
0
0
0
0
32.6207
11.6473
3.29219
0.602671
0
0
6.71879
2.74673
1.40511
0.543509
3.17589
1.67093
253.777
0.271979
0.271979
0.271979
0.271979
0.271979
0.125339
0.311462
92.3064
2.03347
2.03347
0.247772
9.89924
0.0312561
0.0318823
0.0318823
0.0318823
14.2658
2.08107
2.08107
2.08107
2.21792
15.9648
35.3293
0
0.0963681
15.364
15.364
15.364
15.364
15.364
15.364
0
25.684
1.82454
0
2.17611
2.17611
107.3
0.17681
3.3049
0
0.117962
0.114015
14.7494
11.6472
6.09161
0
3.13574
2.46969e-06
3.2023
15.9953
7.74035
5.19202
2.036
0.575108
4.43869
3.92408
5.84637
5.84637
0
13.3736
16.1227
22.2891
22.2891
22.2891
34.3444
34.0102
23.4029
10.2458
0
0
0.0322637
22.3277
1.35938
6.29115
0.000623903
0
1.4546
0
11.2142
0
0
0.990159
54.4904
0
1.3735
0.34446
4.03781
2.96489
0.631403
2.80183
0.330476
4.17041
5.53904
0
3.9557
7.52012
26.1275
33.8863
9.04229
0
3.14121
8.44267
2.39834
4.99695
0.557162
4.39083
0.412118
0.939413
0.100733
0.865946
0
62.8146
0.807321
0.461124
5.49918
1.59938e-05
1.59938e-05
1.59938e-05
0.660211
35.0624
35.0624
0
0
0
1.42662
0
0.258064
1.26537
0
0
0
0
10.692
19.2757
0.599693
3.66862
5.69331
5.69331
5.69331
5.69331
0.000490129
0.112179
122.587
5.87729
3.35247
8.20104
0.298463
32.215
1.21659
19.2211
22.3659
0.802282
0.198683
194.035
1.08027
1.08027
1.08027
1.08027
1.81793
0.539182
3.17781
9.61973
224.971
55.9899
55.9899
0.552731
3.99153
0.371633
0.303906
38.4165
0.614475
0
0
163.435
4.30205
176.478
8.27231
0.13968
15.7283
0.0151245
42.1443
0
0.797823
0
0.0327043
0.497764
0.408125
3.2942
0
0.56834
0.0268944
0
0
2.4878
0.8951
3.20428
1.11709
20.1749
0
0
0
0
0
0
0
0
0
0
0.0276282
10.5582
12.4398
18.8946
0
0
15.8905
0
0
0.750356
0
0.296015
4.12457
0.840863
0
0
0
0
0
0
0.148321
0
0
38.3404
4.46886
4.46886
4.46886
4.46886
0
0
0
6.25467
112.903
5.26992
5.26992
5.26992
5.26992
0
0.275503
0.275503
0.543843
0.250929
35.5517
202
16.5037
45.3674
10.0816
0.04817
3.53538
33.1989
0
2.10354
0
7.92752
3.93785
0.400901
0.2373
0.00365327
0
0.0249441
0.00049915
0
0
0.128339
0
0
0.131819
0
0.197277
0.110709
19.4608
11.3962
3.27988
13.7479
206.071
0.0803717
0.0346669
0
1.1763
0.640855
0
0
0
1.99445
1.99445
1.99445
1.99445
0.248271
1.31076
0
0
0
0.412417
0
16.6871
0.611579
4.74037
1.98494
25.5399
13.4937
13.4937
0
0
0
0
0
0
0.0325366
0
6.917
6.917
6.917
6.917
0.230544
0
1.92126
17.2211
1.30633
1.30633
1.30633
1.30633
1.30633
3.19169
6.14834
19.903
19.7242
7.61604
0.0896466
4.05892
4.05892
4.05892
4.05892
7.00909
11.8387
4.12847
30.449
0
0.977926
0.977926
0.977926
0.977926
0.977926
0.977926
0.977926
0.977926
0.977926
0.977926
0.977926
0.977926
0.0584031
0.0106614
0
0
0
12.4821
12.4821
12.4821
13.8452
0.782961
0.000522794
3.84103e-10
5.41495
0.131222
0.231721
0.100985
6.70927
0.0758299
0.45502
1.07866e-08
0.0403981
0.285739
5.21319
0
0
0.223433
0.223433
0.223433
11.2354
78.8297
0.947746
2.2994
2.2994
1026.25
0.10933
3.5662
0.543379
0
3.82621
3.82621
14.0932
3.51463
0
6.02232
104.855
0.00155991
7.10261
2.655
3.16664
2.48229
2.48229
1.74531
0
8.73119
1.87082
0.193618
0.114668
0.114668
0.114668
0.114668
0.114668
0.114668
0.114668
0.114668
0.114668
0.114668
74.7911
39.6139
8.39857
11.8299
0
14.1716
0
0.0155484
4.52458
8.81175
0.473232
0.68001
0
0
4.15339
0
0
0
0
37.6885
0.907216
1.17023
3.62815
0
0
0
0
3.06633
0
10.936
1.24752
0
9.23329
0.204803
9.03254
24.84
0
0
0.321615
30.2233
2.56771
1.26641e-10
0.007126
0.158222
0.104863
0.478156
33.313
15.5078
15.5078
0
83.9854
5.27671
1.41278
3.91632e-08
0
5.68297
9.01882
0.313784
0
0
0
2.60347
102.443
1.51588
0.13896
5.98465
0
4.80107
3.01493
1.60612
1.60612
15.1813
0.930353
0
5.77334
5.77334
2.41653e-05
2.41653e-05
0.0109921
0.0510251
0
4.5037
1.03202e-08
30.6873
100.145
76.1447
0.218208
0
9.24068
6.98493
0.69072
0.69072
1.19736
0.526077
0.75409
0.75409
0
0.041309
0.897859
0.897859
0.897859
0.897859
0.897859
0.897859
0.897859
0.897859
0.897859
0.897859
0.897859
0.897859
0.897859
0.897859
0.897859
0.897859
0.897859
0.897859
0.897859
0.897859
0.897859
0.897859
0.897859
0.897859
2.21652
0.0619297
0
0
0.314498
0
0
0
2.5254
5.59059
42.7971
13.8042
4.26465
18.8847
10.3808
6.80904
8.78953
9.89066
12.2392
39.5149
0
0.307221
111.584
111.584
0.333982
0.333982
0
0
0
0.0403342
44.6583
0.785575
4.17631
0.0271479
0.630991
0
14.2411
0
0
104.849
56.7267
0.0863269
17.6625
10.4378
0
0
0
0
0
0
0
0.143928
0
0.225656
5.57873
2.83663
3.52131
0.0709721
0.426114
1.77766
1.77766
1.77766
9.00076
3.65064
18.368
29.6734
0.370904
0.677091
1.58784
1.58784
0
1.18743
11.2614
24.9327
32.6195
2.21808e-09
0
0
0
0
12.9573
14.7059
14.0579
20.6475
0
0.46201
117.728
0
0
0
4.79289e-05
1.95831e-05
0.00425362
0.00173186
0
0
0
0
0
0
0
0
0.0187392
0.00421839
0
0
8.05855
62.0853
0.644889
47.881
9.2479
14.3254
14.6878
48.1187
66.2112
66.2112
0.359647
1.00982
2.09636e-09
5.10137
0.159651
0.112356
0.251834
0
0.244442
0
0.866532
0
0.309187
0.0529604
11.6152
0.118963
0.669903
2.24326
17.9013
0
14.9448
0
20.2762
0
0.0477153
1.96467
1.96467
1.96467
1.96467
1.96467
1.96467
1.96467
1.96467
1.96467
1.96467
26.7135
0.6948
0
526.306
2.65887
0.0302346
8.80218
8.14052
0
0.639873
0.346187
1.77089
26.118
9.40722
0.919696
0.919696
0.438564
1.13883
0.478247
0.478247
0
0
0
1.10198
0.655005
8.59882
6.05904
6.05904
6.05904
6.05904
0.026928
16.2955
52.189
0
0
0
57.2689
23.0826
1.79687
1.79687
2.44171
0
0
0
5.78814
0.494421
0
0
34.429
2.30547
737.419
708.75
708.75
2.39624
0
0
0.0173747
0.698588
0.952676
0.21414
0
0.499593
946.235
0
0.145261
100.454
71.341
71.341
33.5788
10.9134
17.6602
3.17738
3.17738
1.15866
0.549451
0.549451
4.34356
0
0
0
0
0.472772
16.5186
48.3821
10.5213
2.41075
10.6343
63.4631
3.92693
0
0.836051
0.836051
0.161152
18.1992
0.345609
0
0
0
0.0220141
21.8933
16.9277
0.0323609
0.0737889
0.134522
0
0.00152779
0.872594
2.20022
14.9022
9.03366
0
2.75841e-10
2.75841e-10
0
121.856
21.783
13.9208
17.7674
0.385623
1.48988
0.108761
37.6069
35.8406
0
0
0
0
0
0
0
0
0
0
0
0
0
0
0
0
0.622356
0.336471
0.156369
0
0.634315
3.14783
1.33687
0
0
0
0
0
0
0
0
0
0
0
0
0
0
1.39244e-06
0
7.9884e-11
0
0
0
0.43966
0.383191
9.88545
0.276336
5.06973
0.140542
0.91244
0.91244
11.2634
17.8834
17.8834
17.8834
17.8834
17.8834
17.8834
17.8834
17.8834
17.8834
7.31856
25.7336
0
0
0.397392
13.7676
1.69156
1.54898
0.138207
0.393436
0
0
0.980407
0.980407
3.36816
10.8745
10.8745
1493.73
0.000928267
0.000928267
0.000928267
0.000928267
0.000928267
0.672687
0.625786
0.625786
4.47186
0
14.64
10.0885
10.0885
0.821737
2.2188
2.04256
0
0
0
0
56.5622
0.610708
0.905311
16.8622
16.8622
24.7918
0.350056
0
17.231
0.421083
152.148
14.7435
14.7435
3.38347
2.3716
2.3716
0
0.0142136
0.303625
2.4734
5.45516
0
0.747636
6.70058
6.70058
6.70058
6.70058
6.70058
30.4915
13.2399
0
1.23409
7.77101
0.183573
1.51862
0
0
0
2.59463
0.0688471
0.139964
21.1336
0.00386335
0.710838
1.62544
0.00116767
4.46543e-05
0
0
1.47688
0.433866
0
1.30728e-05
3.73066e-06
3.91977
0.575943
0
0
42.8266
0
0
0.560084
18.7825
37.5193
46.5364
2.45316
0.110696
0.158222
0.330574
0.213502
19.8208
8.62752
9.6778
9.6778
9.6778
0
0.170134
7.09755
0.329281
13.0528
0.438575
3.42155
0.192782
3.92171
3.92171
3.60362
6.26172
1.15951
24.8186
24.8186
1.85235
13.8611
0
1.39971
2.55793
2.55793
2.55793
2.55793
0
0.975104
3.08599
0.0989612
0.0989612
0.0989612
0.0989612
0.242291
13.949
0
0.239703
0.569537
0.569537
0.569537
0.569537
0.569537
0.569537
0.0917767
267.665
0
0
0
0.0546289
0
17.2061
0.769748
0
0
0
0
0
0
0
0
0.0542375
0
0.792882
4.45926
5.75151
5.05756
5.05756
37.0402
17.7598
11.255
5.87954
19.575
282.562
20.3167
1.28378
1.35456
1.35456
9.84976
4.28795
0.14659
0.0463924
78.5967
0
0
0.0424963
0.0424963
0
1.21617
0
0.0967751
0.332279
0.382329
0
0
1.93062
12.7335
1.36404
1.20159e-10
0.0908539
0.247693
19.5911
19.5911
19.5911
19.5911
0.452461
0.123593
7.79576
7.79576
7.79576
4.42347
0
0.0256649
0.889442
1.72813
1132.7
47.1582
14.9627
0.767571
0.00105224
5.10262
11.082
34.6784
1.00964
1.00964
1.00964
21.1475
7.19673
0
29.9254
0.284066
20.6157
18.8395
6.68133
0.186823
0
0
0
2.25872
2.25872
2.25872
0
0.0555494
0.307849
0.307849
55.4007
19.5902
9.489
6.57297
0
6.19873
6.22105
0
0
20.0151
46.298
0.0937257
0.249085
0.249085
0.249085
0.249085
3.1017
0
0
0.114881
61.5635
61.5635
61.5635
0
0
4.57454
6.41535
0.124028
8.08889e-05
56.2269
0
0
0
0.258882
0.199828
0.199828
0.894762
18.9257
33.7778
0.418652
0.418652
0.157031
1.12379
1.12379
1.12379
1.12379
1.12379
1.12379
1.12379
0.492778
11.7523
11.7523
18.1152
0.43875
25.1769
0.811268
0.174585
3.2231
3.2231
3.2231
3.2231
1.57966
5.73852
0
1074.03
15.7133
0
0
0
0
0
0
0
9.47236
0.65287
3.02242
0.751761
0
0.05539
0.753723
0.401998
0
0.866581
2.0808
0.0691676
0
0
0
0
0
0
0
0
0
0
0
0
0
0
0
0
0
0
0
0
0
36.5284
36.5284
0.656639
0.119578
10.9393
4.05955
44.3952
4.52683e-09
4.52683e-09
4.52683e-09
4.52683e-09
1.28214
0
0
0
0
0
0
0
0
0
0
0
0
0
0
0
0
0.0122442
4.08863
0.402374
53.1046
0.64005
0.64005
0
3.94536
3.94536
2.38835
2.38835
2.38835
2.38835
2.38835
12.4784
7.64345
7.9578
0.555473
0
0.0597745
0.0597745
0.871289
4.36485e-10
0
0
9.44614e-07
0
4.36485e-10
0.104862
0
0
0
0
0
0
0
0
0
0
0
0
0
0
0
2.63206
4.86983
4.86983
27.7297
253.813
45.4939
0.00313695
10.0247
10.0247
41.5574
0.617273
26.0233
0.257408
0
7.82612
0
0
1.42669
0.379141
0
0
6.06467
1.11117e-10
0.11243
2.95867
0.444657
0
3.9172
3.9172
0.554006
0.0696486
0.00073339
0
0.000238043
0
0.0668168
0
0
14.4533
3.08737
0.0114592
30.8866
1.08635
25.5595
0.189317
340.48
5.43847
5.71737
3.21224
25.3781
25.9183
1.99861
1.99861
1.99861
2.24447
72.7955
13.1247
9.6929
28.7825
3.12709
0.433657
3.59486
11.5952
3.61202
15.821
0
2.0723
2.0723
2.0723
2.0723
2.0723
2.0723
11.9112
1.771
1.771
1.771
1.771
1.771
1.771
1.771
1.771
1.771
1.771
1.28855
0.0539012
0.524455
1.11637
1.11637
1.11637
18.2067
18.2067
1.97877
1.97877
1.97877
0
0
1.25002
0.397351
0
2.43982
2.43982
2.43982
2.43982
2.43982
71.8281
71.8281
7.41678
29.0176
184.404
1.19813
0
0
0
0
0
0
0.839843
11.7656
1.10101
3.09306
0
89.8423
11.3981
13.8212
0
13.0181
13.0181
13.0181
0.0555964
0.0934982
47.1038
24.0885
18.6597
18.6597
0.0615673
14.0457
0
0.899659
12.549
0.246076
7.69745e-05
66.4789
0.993556
3.15773
0.48546
7.87141
7.87141
7.87141
7.87141
5.7103
0
0
0.0519457
2.40129
0
0
0
0
3.6091
10.2013
2.40774
20.8725
0
3.37306e-10
1.06903
0.46929
11.4297
0.327132
0.945665
7.62042
7.62042
7.62042
7.62042
7.62042
10.896
1.83588e-06
1.83588e-06
0
2.62843
1.45944
1.45944
9.6516
9.6516
9.6516
3.06291
3.64182
3.64182
3.4212
0.0864321
1.51015e-11
0.000188458
0.00565326
0.000508321
48.7355
0
14.7333
0.174547
24.8216
19.9219
2.64578
8.53575
0
1.32915
0
2.5172
0
0
0
0
20.0261
2.32251
0.844118
0.844118
0.844118
0.768813
3.1013
91.2782
65.6718
0
68.2965
16.3511
16.3511
62.496
1.81476
0
0.29375
0.413713
2.16225
1.56664
2.4973
0.337893
0
0
2.93716
0.0209927
6.26639
6.26639
6.26639
5.27959
86.8039
86.8039
0
0
27.1808
1.45391
0
0.974451
0
0
7.80833
0.167485
8.11213
8.11213
8.11213
8.11213
8.11213
8.11213
8.11213
0.84964
18.2381
0.806056
0
7.86811
10.61
0.267361
36.9897
1.1886
31.8204
0
0.00690219
3.34589e-06
1.01597
1.35895
1.35895
1.35895
1.35895
30.7497
0
0.42133
0.290269
0
0
0
3.49087
0.989423
0
0
0
0
0
0
0
0
0
0
0.758374
18.4136
11.9694
3.11902
0.0948028
0
2.42215
0.178545
0
17.3245
10.2962
1.26611
59.464
1.22199
118.627
0
0.560006
0.0551169
1.51254
0.350208
0.350208
1.02119
1.98191
1.98191
2.02479
10.8529
0.148216
0.51601
40.2514
0.0152493
0.0152493
1.71696
18.858
0.0550196
0
0
3.36674
3.91444
5.19447
2.43078
0.956522
6.55559
0
0
32.5713
0
0
0.558325
0.558325
0
3.82762
0.736828
0.736828
0.736828
0.736828
0.736828
0.0484481
0.773153
0.899253
3.67053
3.67053
3.67053
0.563272
0.563272
0.563272
0.563272
0.563272
0.0171246
2.03335e-07
3.36407
14.0399
0
0
0
0
0.0554409
0
0
0
0
0.067058
0
0
2.81581
0
5.06763
5.87275
0.556447
0
6.84128
2.46057
2.46057
0
0
0.0976099
0.765585
0.435462
0
1.51966e-07
1.51966e-07
1.51966e-07
0.0223803
35.1373
0.000314994
0.240129
0
4.06079e-10
0
0.0683039
0
4.98392
4.29057
4.29057
0
0
0
0
0
0
0.0511193
0.0704034
0.0704034
0.0704034
0.0704034
0.0938712
0.0938712
0
0.0160883
0
0
0
0.0739244
0.0739244
0.0739244
0.0739244
0.0739244
7.59696
0.317153
0
0
0.175205
2.00554
1.68484
2.03639e-05
0.000443618
0.0273427
26.2321
25.0579
2.23777
0.155995
0
0
3.12507
3.12507
0.15111
0
0
0.184822
0.0636934
0
0.0130502
31.0186
6.60097
6.50809
6.50809
1.4023
1.4023
1.4023
28.7134
0.280609
4.37489
25.0499
11.0355
1.06789
1.28947
0.461897
160.372
20.114
7.4313
7.23676
7.23676
0
1.5604e-08
1.5604e-08
1.5604e-08
1.5604e-08
1.5604e-08
1.5604e-08
1.5604e-08
1.5604e-08
1.5604e-08
1.5604e-08
1.5604e-08
5.01665e-08
0.170761
1.05641e-06
4.44147e-06
0.0216641
1.12905
0.0015626
1.44874e-07
8.15163e-07
2.20625
0.678116
0.131411
0.571923
1.17502
1.50233e-08
0.222655
2.07674
0.877886
2.21888
8.07288e-07
4.51279
0.237483
0
0
0
16.2249
0.298567
0.328301
0
0.683557
0
2.89975
14.9357
1.15872e-08
147.597
3.9945
0.000377447
8.45139
6.25406
0.000809863
0.000809863
7.61497
0
0.233546
1.48213
0.434478
0
0
0
32.9099
2.99059
0.19646
0.453671
31.3492
0
1.10602
2.51524
2.51524
2.51524
8.38414
3.67262
0
0
0
4.10078
0
0.11328
0
1.9816
1.08637
17.6521
4.09822
0.00361257
5.3901
0.00193602
3.39904
0.00214464
4.48483
0.00110404
2.75908
5.89089
1.67355
2.68056
17.0027
0
3.11985
0
2.62445
0.433917
0
11.5456
1.94229
0.211505
0
0
0
0
0
51.6731
26.6261
0.110854
0
2.76922e-11
5.24218e-09
0.0284289
0.0199291
9.97637
9.395
21.5773
21.5773
26.3319
0.00954762
46.6987
39.3791
1.04984e-09
15.3203
0.131767
1.71165
0
0
0.781454
1.20112
0.0516313
0.0557476
0
0
0.729843
1.38756
3.57755e-09
0.815195
1.54674
0
0
0
0.74233
2.30982
10.7201
10.7201
4.82381
10.9773
1.46685
0
0.74565
3.38443
4.98007
1.61589
0
1.55881
1.29328
0.846022
0.846022
0.472607
14.5024
36.56
1.0516
0.824307
3.66697
0.269406
1.71422
2.09427
0.309827
4.16131
0
7.11773
0
0
0.0118627
10.179
0.311161
1.4775e-08
4.26216
4.26216
4.26216
24.4237
2.26276
0.0655039
5.21423
32.0594
393.871
5.41813
246.186
246.186
2.99678
2.99678
252.634
7.72171
7.72171
1.16345
2.74997
17.7736
0.1414
407.972
25.9324
34.2672
1.07021
0
0
0
0
0
0
29.0456
70.2606
4.27608
4.27608
8.40679
8.40679
9.98382
2.97215
0
449.321
449.321
0
24.419
2.54009
1.27723e-05
0.173094
0.173094
38.999
0.840481
0.56331
4.32291
9.55791
0
0
1.02641e-09
6.33697
6.33697
2.70257
0
0
0.773729
0.0628914
0.0997952
0
0
8.57403
8.57403
0
1.78347
11.5125
0
0
1.12953
20.9376
0.689968
12.7191
1.12385
1.84561
0
6.80967
0.793283
9.99286
33.4675
33.4675
3.11101e-08
3.11101e-08
2.63144
1.33178
4.45842
4.45842
0.607643
0.607643
19.5456
1.68276
53.7671
1.03669
10.8875
86.4816
0.384592
0.384592
0.292933
102.285
10.5367
10.5367
0.694539
5.86064
3.881e-10
0
0
0
9.11213
0.761418
0.583384
0.00943543
4.80724
4.80724
0.096588
0.096588
0.096588
18.9033
13.3417
2.08347
0.0896696
0.0896696
0.0896696
0.0896696
0.786609
7.18776
7.18776
1.56308
1.56308
7.4259
7.4259
18.2453
14.0625
2.54039
2.54039
0.88
0.88
0.88
0
0
0.00504249
0
0
0
2.76226
1.85596
0
0.0675819
24.3923
1.11045
0
0
0
0
0.120965
0
2.66122
30.3981
0.846206
0.846206
0.846206
5.45488
12.6815
60.9652
3.41228
0.885817
0
16.1646
1.73156
0.399572
0.512024
0.00697907
0.0161623
0
0.0089698
0.020824
0
0
0
0
0
0
0
0
0
84.7811
1.09772
23.1898
95.3264
18.9443
2.74881
2.92072
0.70925
11.3335
8.43142
28.8243
0.149872
9.59686
585.312
0.0130456
5.41858
0.23103
0.250649
2.90003
0.000126761
0.000126761
3.33956
5.50257
0.16498
0.16498
0.16498
0.16498
0
0
3.15562
1.29335
1.29335
0
5.03036e-08
0
0.17704
0.17704
10.6814
0
35.1657
0
1.02245
1.02245
1.02245
46.7642
0.890031
0.492892
0
15.5877
15.5877
0
0
0
0.361634
12.7478
4.24448
0.301146
0
6.53822
7.60636
68.7266
3.98762
3.98762
1.38141
3.07515
3.07515
3.07515
3.07515
0.193596
0.175963
0.612624
0
0.010275
0.010275
10.8436
5.78104
0.723487
0
376.085
0
0
0
28.5128
1.10811
1.10811
1.10811
0
46.3706
40.7188
3.94251
3.94251
4.71455
0
2.26414
10.3761
13.5697
2.36112
0.420609
3.19843
122.091
7.12416
6.58643
130.073
2.74857
2.74857
0.288574
12.2844
21.2075
5.69099
0.178049
0.0701133
0
0
0
0
0
0
0
0
0
0
0
0
0
0
0
0
0
0
0
0
0
0
0
0
0
0
0
0
0
0
0
0
0
0
0
0
0
0
0
0
0
0
0.0218888
19.6874
0
0.0372309
0.0372309
0.370356
0.848779
8.47371
0.0285512
0.444404
1.71957
1.71957
1.71957
1.71957
0
8.69593
0
0
0
0.749201
0
0
0.143652
0
0.109883
0
0
0
0
0
0.0190983
0
16.7057
0
0
0
2.33251e-05
6.1976e-09
2.89792
0.520243
0
1.59135
5.01165
5.01165
5.01165
5.01165
16.1033
16.1033
9.88627
0.827999
0
28.7649
0
0
8.91818
2.3971
2.3971
2.3971
2.3971
2.3971
2.3971
2.3971
2.3971
2.3971
2.3971
13.72
10.0469
3.71476
0.0386306
0.0386306
0
0
20.2402
0
0
23.9187
23.9187
16.4419
29.4776
20.066
6.21825
6.21825
6.21825
0
0.557534
0
2.28595
15.2683
10.2835
16.5619
0
0
16.1093
1.18859
1.18859
1.18859
1.18859
1.18859
2.38733
0.254641
9.83925
6.52357
3.75113
3.75113
0.404101
3.96028
0.825022
0.0513808
0.138464
0.138464
0.138464
0.4664
0
0
0.0569202
0.00289336
3.7263
3.56209
6.09442e-05
10.3724
3.82756
3.77623
2.53404
24.682
4.00384
0.420652
0
0.418691
3.58158
19.386
2.3391
60.4961
0.215323
0.233494
3.00354
15.6978
0
0.0173082
0
0
0
0.130558
5.75271
0.0595643
29.1812
0.10031
36.2279
0.741368
5.0385e-08
4.38997
0
1.84636
16.188
0
0
8.03831
0.68913
0.360262
1.58701
9.12648
0.933302
14.3101
12.7361
0
0.038442
0.038442
0.0468758
0.0468758
0.094008
2.71808
2.71808
2.71808
1.81018
4.75938
23.109
6.10714
4.34467
0.716369
0
0
0
0.357903
0
1.98829
17.2396
17.9037
0
0
1.85563
59.341
5.81404
2.26904
2.26904
2.26904
1.38966
0
0
0
0
0.0272369
7.91044
0
0
0
8.4918
0
0.397456
0.397456
0.397456
5.14346
0.116127
0.116127
43.8179
38.2435
0.64596
8.05443
0.309153
0.185044
1.87076
9.78503
0.588774
0
0.0540611
0.0540611
0.0540611
0.0540611
0
0
0
0.504129
0.504129
0.504129
0.504129
0.504129
0.504129
0.504129
0.504129
0.504129
0.504129
0.565536
11.2161
12.8474
0
32.593
0
0.378123
8.95834
0.132326
1.16887
4.37965
0.725094
69.935
21.1757
0.897965
0.905826
20.2109
0
0
2.64439
0.23441
8.12072
20.1035
3.97617
0.568136
0.568136
8.97957
8.97957
144.515
113.074
80.3829
0.510957
0.510957
0.510957
0.510957
0.510957
0.510957
0.187334
0.12489
8.50118
0.111319
11.9856
16.7689
0
0
0
0
0
0
9.90376e-10
4.38194e-09
0
1.94256e-08
0
0.0140286
0.0140286
0
0.0634261
0
0
0
0
0
0.788858
0.27226
7.20962
0.0870597
0.0364338
0.186487
2.78473e-05
0.0465588
9.91082
0
8.97544
0
0.518708
0.95395
0
0.539346
0.0571285
1.48495e-05
1.48495e-05
0
0.212372
1.07294
1.07294
29.2809
0.0433291
0
10.9977
0.99908
0.99908
5.05001
5.05001
5.05001
68.8244
2.12132
0
0.268473
0.888768
0.67177
0
55.6148
30.4882
4.75547
0.0646495
0.0646495
0.0646495
4.35976
30.1246
0
0
0
0
0
98.0488
0.0200748
0.291691
0.53125
0.0842975
5.55662
1.33924
0.0533732
1.47486
17.9281
17.9281
17.9281
17.9281
0.00028151
1.14532e-08
1.87261
5.40425
1.05618
6.9861
18.4364
1328.47
16.547
16.547
2.84788
2.84788
4.80039
22.5842
0
0
0.854581
0.0396705
0.137241
4.1278
0.0775992
0.293671
0
0
0
0
6.53647
6.53647
6.53647
0
0.00763981
0.00763981
0.473255
23.6026
1.10715
4.46231
24.1882
4.21962
4.21962
0.014872
3.7966
3.7966
3.7966
1.22597e-07
3.95191
1.1062
0.591122
0.606439
0.534453
18.7301
0.224174
2.79274
20.1159
1.35778
0.522081
0
0.765201
0
0
1.32181
0
0
0.13059
0
0.809301
171.673
171.673
0.0777858
0.0777858
11.9421
0.015621
423.539
423.539
3.10962
0.330876
28.5743
0.904763
12.7141
0.107008
56.5781
0.00912773
0.00912773
0
0
0
8.87956
2.3896
72.1523
0.699352
0.699352
0.855727
15.6683
1.79338
0.0712589
9.93737
0
0
6.91706
76.252
76.252
18.0592
1.95832
26.3182
0.0260813
0.960429
1.02606
0.423047
0.509968
4.19926e-09
0.113847
0.58332
0
0.182109
1.28289e-05
0.00440399
0.13896
124.895
124.895
124.895
5.08936
1.73664
14.0913
32.1361
2.02873
2.02873
2.02873
17.4221
110.593
77.7143
4.62614
0.137431
1.8757
0.000739413
0.46817
1.15507
3.09757
3.07689
0
0
0
6.91487
6.91487
11.3319
18.7456
9.87573
0.000187903
2.57444
2.57444
22.4192
0.790754
0.350657
0.100453
3.26669
14.3025
14.3025
6.12417
6.12417
22.3928
5.57673
5.57673
9.71942
0.832599
2.31305
35.4525
0.515109
17.2503
5.05805
5.05805
5.05805
14.3594
2.01071
1.57181
9.29612
45.2565
13.1391
6.80956
0.439577
20.5588
0
0
13.402
0.0803407
0.533356
9.83762e-08
0
0
2.13409
19.4053
0.496634
0.496634
0.496634
0.496634
4.3705
4.3705
11.2568
0
0
0
1.21778
0
22.9807
1.97627
0.505728
0
0.58511
0
0
0.0666479
0
0.00754768
0.00754768
6.0375
6.0375
15.5418
10.5236
0.590843
0.631273
1.29003
2.66713
5.1499
0
0
0.144798
1.18607
0.653057
2.01157
4.21653e-06
2.10589
0.0120409
0.0120409
0.0120409
0.0120409
45.5572
32.5311
47.6663
28.3713
43.1932
23.1934
4.55798
0.410648
3.71732
0
0.560129
1.42276
0.274204
0.627112
0.15819
0.00544487
0
0
0
17.708
68.2532
1.32774
0.46336
4.50805
80.454
26.0916
14.4438
1.90538
0
12.5258
71.7743
0.0144393
0
0
0
0
1.27566
0
0
0.049947
0.14818
0
0
0
0
0
0
0.0201144
0
0
0
0
0
200.775
200.775
0.30859
0.35519
0.000217851
2.8198
2.8198
0.207779
12.4645
0.60144
0.445793
19.9624
19.9624
8.1386
8.1386
26.4403
5.31568
0
21.8243
0
629.039
189.696
14.3391
12.95
2.53176
2.41106
2.41106
2.41106
2.41106
2.41106
2.41106
3.84851e-06
0
0
1.09194
1.09194
5.41094
0.96703
0.0785011
0.0785011
0.0785011
0.0785011
0.757712
22.8271
5.32267
0
1.03228
4.46638
0.932708
1.31328
8.15924
8.15924
8.64543
1.42478
5.91038
5.91038
40.606
1.87018
21.1639
2.09782
64.7689
10.8932
5.9914e-08
5.9914e-08
5.9914e-08
5.9914e-08
13.5696
0.0859697
2.16302
6.56364
9.50219
0
0.0106035
0
2.92842
0.503026
17.9353
0
21.5257
0.311388
0.0777078
0.114857
0.114857
1.25126
1.25126
1.25126
1.25126
2.3274
1.35512e-05
27.4758
0.208406
15.3251
0
0
0.127166
0.518418
0.518418
0.518418
0.518418
7.37734
15.8691
1.77615
11.5142
0.423345
54.717
7.18589
9.10636
0.997712
1.72616
275.157
0
0.765353
1.03775
0.00541464
3.01224
13.2057
0.136388
0.136388
0.136388
1.18262
0.763324
0.165231
1.11626
7.40886
1.29224
3.55415
4.51318
0.0369771
6.88792
43.8399
8.25314
8.25314
0.544761
4.88534
0.260311
0
0.00774206
0.207879
0
1.54264
0.154264
1.38614
0.0962408
0.370739
8.15241
0
0.188119
13.2331
13.2331
0
0
0
16.7064
0.0456284
262.787
3.21681
3.21681
3.21681
3.21681
3.21681
8.65582
8.65582
8.65582
8.65582
8.65582
1.49637
13.6159
20.3679
6.20929
0.0594998
0.0594998
1.36822
0.636816
0.00102436
0.129671
0
0.236735
15.574
1.24118
1.24118
1.24118
1.24118
1.24118
1.10135
41.7132
0.737961
0
7.45815
151.264
0.309892
0.723162
9.22868
24.2784
0
0
13.9382
0
1.63456
0.34761
0.0679465
0.136494
1.31161
0
0.0268937
0
0.516571
2.15135
0
0.799516
1.18782
0.138467
2.13176
0.0918752
5.34646
5.34646
5.34646
5.34646
5.34646
7.80949
0
0
0
0
0
0
0
0
0
0
0
0
0
0.114458
0.15261
1.31223
1.31223
1.31223
0.133534
0
0
0
0
0
0
0
0
0
0
0
0
0
0
0.0342756
0
0.0685511
0
0.0350567
0
0.0352167
0
0
0
0
0
0
0
0
0
0
0
0
0
0
0
0
0
0.034429
0
0
0
0
0
0
0
0
0
0
0.0341235
0
0
0
0
0
0
0
0.137102
0
0.0339733
0
0
0
0
0
0
0.135295
0.808219
0.0329548
0.0685511
0.0645274
0.0329548
0
0
0
0
0.0342756
0
0
0
0
0
0.137102
0.0717453
0
0
0
0
0
0
0
0
0
0
0
0
0
0
0
0
6.66159
0
0
9384
0
0
0
0
0
0
0
0
0
0
0
0.0342756
0.14484
0.163374
13.4458
0
0
0
0
0
0
0
0
0
0
0
0
0
0
0
0
0
0
0
0
0
0
0
0
0
0
0
0
0
0
0.0500208
0
0
0
0.0503482
0.0584031
0.136782
0
0.0338239
0.437785
0.034429
0
0.0345838
0
0
0
0
0
0
0
0
0
0
0
0
0
0
0
0
0
0
0
0
0
0
0
0
0.0332392
0
0.26182
0.214419
1.88664
1.88664
1.88664
0.0598284
0.0598284
0.0598284
0.165236
93.034
37.5394
6.13956
0
0
0
0
0.325232
10.5354
10.5354
10.5354
49.6869
70.6283
0.252798
0
0.229275
0.287257
20.9822
68.2895
68.2895
0
0
41.9834
444.915
6.17325
80.6325
6.51507
5.51956
5.13258
0.0353787
0
0
0.233792
0.535099
0
0
0
0.0178712
0
1.60479
1.60479
0.306747
0.167671
10.6279
10.6279
10.6279
52.7649
52.7649
52.7649
0.0618809
0.0618809
0
5.6872
6.86749
77.192
0
0.865213
0
5.02761
0.0214815
0
2.77693
5.07655
0
0
0.288187
0.072728
3409.4
18.9466
0.213257
0
1.4256
9.63944
9.63944
0.187224
0.0945707
106.379
3.06747
4.67432
4.78297
2.6499
3.47346
1.06771
1.06771
15.0348
2.27963
4.79617
0
0
13.7125
0.0566127
0.0566127
0.0566127
0.0566127
0.0566127
0.0566127
0.0566127
0.0566127
36.007
0
14.6567
14.6567
0
2.03678
47.6707
25.2317
11.7397
11.7397
11.7397
3.28824
2.56383
1.75936
71.4678
14.1186
14.1186
14.1186
9.738
9.738
9.738
9.738
6.4053
0
1.63412e-05
73.1361
6.64354
0.280724
0
0.120898
1.37378
11.5226
39.3122
1.12871
20.9149
1.04332
18.9132
42.2148
9.09866
9.09866
2.95389
0.0100494
0
3.29284
24.4255
5.10588
0.52762
0.52762
6.88557
0
2.87548
9.13572
11.6916
9.54897
20.1115
16.1253
0.0215817
0
28.2812
27.4473
27.4473
0.131036
0.0758205
54.9627
11.8689
158.689
158.689
6.50996e-09
0.0020452
1.50364
25.5638
1.96124e-10
27.7237
1.12396
1.21724
19.259
0.000648947
11.6203
0
0
3.41321
0
0
0
0
1.63335e-11
0.208759
0
9.09966e-09
0
0
0
0
8.94122e-10
0
1.0797e-07
0.182973
1.66536
1.59334
37.8156
1.00111e-05
1.00111e-05
0.314448
1.06295
8.31608
0.0117394
21.4207
0.337602
0
0
0.720853
0.720853
0.720853
0.720853
0.720853
0.223738
8.21669
6.58814
0.392254
75.9394
75.9394
372.064
5.90814
0.466247
38.0585
0.128754
60.0379
0
0.171561
0.171561
0.171561
0.10782
0
7.26817
7.26817
7.26817
7.26817
7.26817
7.26817
0.248764
0
0
33.6758
35.5603
3.2251
5.38981
6.85675
0
0
0.068131
0.0759361
0.0788096
248.855
248.855
44.4558
18.2855
0
13.7254
0.654807
0
10.7659
10.7659
10.7659
6.31982
6.31982
3.33972
0.760247
2.35835
4.22338
71.1563
0
0.136046
7.16249
15.3971
6.52899
27.9129
22.9143
1.3945
0.442668
0
1.93892
0.566027
18.3055
11.6556
0
0.0579197
0.242153
0.242153
5.37383
28.5153
11.8581
33.133
5.08852
2.17315
1.52356
15.5782
1.13353
0.597698
36.1954
3.69736
3.69736
3.69736
0
0.0929269
0.0929269
0.024481
0.024481
0.024481
3.55539
33.2139
78.6815
0
0
0.0209927
0.0679881
0
16.7664
0.13959
16.7664
7.17938
7.17938
7.17938
0.0235539
0.0235539
0.0235539
0.124256
0.0404366
0.0494893
0.0494893
4.24092
4.90974
0
0
0
0
0.650384
1.13225
0.687758
0.804376
0.804376
0.804376
0.804376
8.70327
0
2.0967
14.2723
10.6418
1.18999
0.064109
15.3565
0.0132203
9.14153e-10
0.302012
23.8439
0.913807
5.309e-09
279.962
279.962
13.3019
0
0
0
0.0170116
0.0170116
0.0170116
0
10.425
16.553
70.8849
70.8849
0.0750311
0.0750311
0.0750311
5.13549
0
0.368686
0.0350901
2.89849
0
0
0
0
0
0
0
0.135289
0.513427
0.513427
0.513427
0.160548
1.1151
1.0637
0.886395
0.886395
0.886395
0.886395
1.45938
41.9227
21.845
3.11345e-05
9.40012
7.42635
0
34.6258
15.6677
15.0206
2.86091
1.48747
1.48747
0.547932
0.683866
0.224835
5.61685
0.206197
10.7506
4.12414
1.63186
0.670399
0.143286
2.2217
0.129642
0.123106
0
0
0.0764945
187.815
488.034
0.0189265
6.3117
0
0
0
87.7116
4.32443
32.0516
0.163762
0.163762
0.163762
0.163762
0.163762
0.163762
0.163762
0.163762
0.163762
0.163762
8.34635
8.34635
6.29681
3.3827
10.4651
0
0.242659
2.78127e-08
0.326427
1.11812
0.44862
1.15853
1.24882
0
0
0
0
1.03108
2.47442
1.71014
0
0
0.662307
0
0
0
0
0
0.963529
0.954398
0.00414621
0
0
0.138639
29.6776
3.45607
0.768404
0.207014
33.364
33.364
1.35064
0
1.55179
13.8513
0
5.17578
10.2477
10.5826
0
10.6407
0
2.73996
2.73996
0
248.728
45.5024
36.4435
8.46534
1.02674
1.02674
1.02674
8.9758
14.6026
2.14469
18.4942
36.4932
0.602266
10.6618
61.6226
3.3903
2.27038
9.24593
0
1.01419
5.26956
5.26956
5.26956
5.26956
5.26956
1.77453
7.06404
0.130699
19.0222
19.0222
19.0222
0
0.436482
0
0.974972
0
4.16156
0
5.61754
3.78139
6.70613
2.23773
0.884532
36.3863
1.10074
10.9471
10.9471
39.0371
4.10326
0.822614
4.51743
74.5033
0
1.58809
6.36472
73.9272
12.8522
4.38873
0
3.24924
3.24924
19.5667
0.937277
0.937277
0.937277
0.937277
0.937277
22.9792
1.32588
11.2309
405.602
0.483071
11.8123
11.8123
0.562095
0
0.790413
0.790413
1.03684
0.0184364
0.0184364
0.0184364
0.0184364
0.0184364
2.90513
1.78362
1827.76
0
3.31653
0
0
0
0
0.530398
0
0.0111411
0
0
3.1426
13.8337
0.408166
7.77823
7.77823
3.42668
3.42668
0
0
0.0265781
0
1.28536
1.46874
1.46874
10.6543
10.6543
0.2295
136.955
11.8594
0
0
0
0
0
0
0
1.61997
13.6009
13.6009
13.6009
48.4301
2.03302
0.832943
1.6673
1.72589
2.23098
0.208624
0
22.1595
17.6587
0.618069
24.8031
0
0.239319
115.996
115.996
26.2528
60.7313
8.47226
521.299
1.36124
0.0594881
0.00806259
1.77508
1.28873
0.12684
0.181451
2.50346e-07
4.53398
1.63521
0.069036
0.728413
6.43755
3.2926
0.000542569
0.0968201
0.174747
1.60016
32.5009
32.5009
11.1279
6.84338
6.84338
0.124232
0
0.735551
1.20028
11.6744
0.150208
0.240699
7.06221
1.66745
1.80513
47.5527
13.4212
1.89404
0
24.4307
10.842
231.361
2.53016
82.4024
3.69509
16.6903
13.3697
26.495
26.495
41.3384
2.43717
15.6952
947.389
0.336853
2.0841
0
0.247521
383.764
1.94437
0.175644
7.72918
11.2051
15.9444
14.7379
5.39493
0.710763
4.7807
4.7807
24.8281
0.0529219
4.08345
0
0
1.01678
18.2701
21.7977
0
0
0
0.329492
0.108285
171.826
182.175
0.240261
3.0817
2.52729
16.5368
0
483.691
4.43753
0
0
0
0
0
0
0
0
0
0
0
0
24.1946
3.54833
50.3071
0.0813538
0.611147
1.01733
11.891
0.225593
2.78259
1.30435
0
0
1.69408
3.78044
22.7419
22.7419
22.7419
8.3447
36.4379
1.11085e-08
1.11085e-08
1.11085e-08
88.5497
0.0868766
0.499938
0.0543735
10.1725
1.22712
0.0595171
6.29201
0.72242
9.46866
9.46866
9.46866
9.46866
13.0996
8.19829
0
0
0
0
1.04901
1.04901
1.04901
0
0.0478493
0
0.917058
0
0.739299
0.122417
125.578
37.0326
80.7625
0
2.52809
21.926
323.683
0
0.0333441
0
0
0
4.81088
0
0
21.4317
0.12757
0
0.187712
0.578547
253.421
45.5896
0.183553
1.16889
1.16889
1.51401
0.0800107
1.01429
1.01429
1.01429
1.01429
0
90.6279
90.6279
392.755
92.3302
63.7105
0
13.1366
12.8153
16.6991
8.56384
0.670496
16.4044
16.3093
7.08498
13.8237
0
0
15.3012
0
0
0
8.33103
16.12
16.12
0.126585
1.82188
0
0.0937368
1.72443
77.8914
4.72787
11.731
2.67711
33.9477
0
48.7652
0
0.00033083
0
0
0.063693
0.526816
0.269815
0.540293
6.08066
119.402
4.60967
4.60967
1.28541
0
0
0
0
0.0193894
1.46958
9.20998
3.6021
0
0.372763
50.2733
5.37269
50.1045
2.44876
2.44876
8.17934
0.597023
0.454137
2.24783e-10
8.72251
1.02041
5.60732
3.13331
0.00508578
14.902
0.0607911
0.000641417
2.40571
2.40571
0
0.699348
28.0572
0.805016
12.0581
4.8132
0
0.153629
3.88967
10.773
0.289801
0.289801
0.289801
46.3469
0
0.0866583
138.096
0.209238
4.00095
4.00095
4.00095
4.00095
0.640102
7.78686
0
0
3.83007
17.4344
1.37713
1.37713
338.179
291.615
95.4048
0
0.0762224
0.0480132
0.275293
77.9466
3.0145
3.0145
7.44638
6.16066
0
0
0
11.1368
11.663
1.11283
1.64384
1.43918
0.184099
1.05823
13.5361
13.5361
35.7726
21.3103
0
0.446251
0
4.53879
4.53879
2.08888
1.13891
63.3246
0
24.2
4.85477
4.85477
4.85477
12.5799
12.5799
12.5799
0.827906
0.335341
0
0
0.219105
0.0653661
7.64901
15.2572
0.661621
3.96073
14.0853
26.5795
0.488448
9.08115
9.08115
0.756786
0.432578
0.113719
0.210367
15.6794
4.36571
14.0966
1.49444
19.939
506.262
0
16.5083
184.512
12.0659
3.09964e-10
0.00102638
1.61848e-08
0
0.369546
1.10747
0.80965
0
0
16.4339
18.4587
3.9394e-05
1.39347
2.57048
1.60621
0.661093
0.661093
12.9133
12.9133
12.9133
184.154
184.154
51.6868
26.5945
28.8284
14.3562
6.92294
0
3.33615
3.04441
0.54169
3.65837
7.06205
7.06205
7.06205
1.74184
2.43575
5.05396
11.7574
0.0562262
0
0.0172145
0.0172145
1.53466
1.53466
0
0
0
227.212
227.212
1.54085
1.54085
1.54085
1.54085
11.3067
3.18397
1.41797
0
0.197106
0.197106
20.1411
183.002
1.37438
1.37438
12.9246
0
2.10087
0
7.86874
126.196
1.28243
11.1518
7.86799
15.8142
4.08603
4.08603
4.08603
5.32351
7.91275e-08
0.123332
6.51862
0.342031
5.48578
1.00866
0
0
0.0454845
0.0761158
0.0490546
2.07762
0
8.63826
0.546345
0.631102
5.42708
0
29.9293
0.762391
0.961119
0.961119
0.961119
351.852
0
0
0
0
0
0
0
0
6.9507e-06
0.253666
0.306794
0
4.27935
0.068981
2.21671
0.0390823
0.492283
0.00882911
0.00882911
0.00882911
0.307367
0.00514036
0
2.53742
2.53742
0
0
0.196342
55.379
3.83964
32.8864
0.134247
0.134247
0.134247
0.134247
0.134247
15.6867
25.1782
19.5511
90.6069
90.6069
90.6069
0.0269697
0.0269697
0
1.10302
105.187
5.33612
0.696512
10.3721
0
5.93836
4.52085
4.70782
13.6667
0.0266702
0
0
0.642189
0
0
0
0.114149
0
6.56745
0.2013
0
4.4683
0
0.0433188
0.0915487
0.0915487
0
0
0.0350291
13.3655
5.68985
169.039
0.614443
0.257639
0.264625
0
94.7428
9.29491
2.64996
4.98174
4.98174
0
0.629069
0.0424488
0.667004
2.89599
249.949
23.6083
23.6083
23.6083
5.25609
29.534
15.3398
0.0481886
0.0481886
1.24676
0.34608
8.7262
7.49166e-07
1.12463
3.50352
18.7744
2.72801
1.10503
0.49431
0.49431
0.49431
0.49431
42.6685
0.362894
36.4945
36.4945
4.85662
5.749
0
0.560272
0
44.9385
0.68532
0
0.364651
165.869
19.3877
2.1956
8.26795
7.45869
0
0
8.78005
8.78005
8.78005
8.78005
8.78005
46.1201
19.4411
0.151135
19.7003
19.7003
2.63123
2.63123
2.63123
2.63123
2.63123
0.918261
2.07389
11.3832
9.84783
0.0850105
23.2933
23.2933
4.03141
2.28807
36.2993
36.2993
2.44858
3.44783
0
0.2341
0.166801
10.5672
10.5672
10.5672
1.77899
4.23712
52.016
57.8096
0.0303177
1.04874
1.0208
29.6571
8.43906
0.465417
0.465417
0.465417
0
2.87684
0.48076
0.48076
0.699011
0
7.65031
176.873
38.0029
10.5154
2.33321
6.49686
31.7646
8.17571e-07
0
0.51864
0.596267
4.25718e-08
12.842
9.14344
13.6392
36.6031
0.0126012
2.58005
797.219
2.14456
1.2065
0.0556562
0
0.0828404
0.692187
0.181118
2.16137
0
2.2927
10.2538
0
2.14514
7.68352
255.514
9.47844
2.48682
8.34846
0
0.122027
353.702
353.702
0
6.21379
1.7311
2.33089
7.16445
6.47312
6.65398
5.11225
0
0.154421
26.7272
0.0254355
0.196018
0.820872
0
0
0.151204
120.268
0
0
2.59331
0.0144203
0.516126
0
72.6537
2.3543
14.7158
8.4259
2.14521
155.225
0.473549
0
0.401804
174.181
229.721
1.6903
13.8846
6.38864
46.2639
7.24786
5.26352
21.6568
0
0
0.26763
0.71321
51.5514
15.9472
0.385362
33.4026
4.00608
0
12.9126
5.11398
18.617
0
13.636
0
28.4536
1851.13
11.6557
74.9156
37.8415
10.4795
27.5845
5.4638
5.4638
0.949454
0
0.0727706
0
0
0
0
0
0.146335
0.580428
18.4489
0.154986
3.04798
8.05417
8.05417
8.05417
8.05417
8.05417
8.05417
8.05417
3.94831
1.24775
11.3159
44.6786
61.2238
0.185401
0.141736
0.484306
0.000595831
1.25346
0.109724
124.061
0.764564
101.166
0.683872
2.51214e-10
1.4972
0
0.795326
145.998
0.0516919
0
7.97202
4.24577
0.720596
0.760006
0.00731577
9.09231
57.2223
2.5924
379.949
9.10437
1.31812
1.38176
219.752
4.08696
0.501518
2.20767
0.0362753
0.0232098
2.01278
0.166157
0
0.117109
0
0
0
0
24.1765
17.4745
2.38158e-09
2.38158e-09
0
0.164002
19.8556
16.4947
16.4947
7.99134
2.44464
0
0
89.9236
1.61297
25.4344
244.185
5.46211
8.568
6.49645
0
6.10142
3.99909
0
0
7.19107
3.12725
2.02971
32.1342
0.466831
31.4304
13.6783
283.051
20.9055
497.219
1.91913
3.77307
0.21173
0.0826359
0.45934
163.697
51.7041
63.6075
6.56467
37.2754
20.5087
12.3526
111.43
47.6118
0.97347
0.0860853
0
81.3404
14.5437
0.163656
0
0.0604859
70.0461
0.880322
8.04945
0.194325
0.4382
192.954
2.64609
3.44674
3.44674
60.8744
3.4815
11.8152
45.747
27.5988
1.93431
0.470539
4.27399e-05
6.96618
3.90572
5.32913
0
0.224519
20.605
97.3254
18.0584
21.7903
9.99636
17.8594
1.28103
102.382
477.895
0
11.3942
1.9274
0
20.9109
0.0387301
0.274444
0.404514
0.132387
2.22351
2.37278
0.905756
1.67211
700.501
2.43853
2.43853
2.43853
2.43853
0
0
0.140905
5.69693
0
5.94633
1.85195
9.12425
1.72102
0.0628003
12.6109
1.60572e-05
2.6124
7.08622
7.36225e-05
3.36547
3.73664
18.5831
0
0
0.77634
0.77634
2.73757
2.73757
2.73757
5.67924
178.955
0.242155
0.404834
0.285993
2.19435
26.9171
10.6863
32.4563
168.715
0.836607
1.98721
0.956639
2.26794
0.259118
6.46656
1.30161
5.0933
5.02161
3.58553
3.58553
3.58553
5.30935
0.584119
0
3.84588
0.343144
15.9017
0.267903
0.680408
0.00542053
6.66678
0
21.2475
1.38293
0.573334
27.786
2.17011
24.1369
21.1952
21.1952
0.202924
0.417098
0.690236
0
7.14604
2.03426
2.03426
0.294492
0.472484
11.4143
33.8943
0.83835
0.83835
0.83835
1617.54
25.9384
44.503
544.626
10.3153
0.138983
28.5186
11.0711
0
0
8.54397
0
6.54588
0.607947
0.125004
0.112105
1.21902
4.46009
8.16743
18.6757
1.8022
3.37571
3.61127
26.3428
4.92554
111.818
159.863
0
673.701
4.75002
16.1658
0.588478
1.35743
23.6208
1.62417
40.2079
0.50156
1.40875
18.5573
4.02355
4.93606
0
0
0.0482547
117.3
0.438454
5.51275
44.9737
11.4285
1294.83
0.048467
0
0
0.688347
0.89309
0
0.0467302
0.388469
15.8654
79.8857
22.1575
1.41538
4.16106
1.70299
5.57587
13.5404
8.24847
62.3527
0
0.0978589
1.47304
1.47304
1.47304
1.47304
1.47304
2.12485
10.2653
0.0445774
86.0048
2.97523
1.2842
8.52391
1.24162
10.0421
53.3302
84.8228
16.1189
10.8729
0
0
0
0.302872
0.0386723
0.296485
0
0
5.53752
0
1.14822
49.0532
0.918526
0.0931257
0.293327
0.0932701
0.10031
29.0493
43.9402
4.06719
10.7349
8.09144
2.81826
0
9.44796
0
0
0
2.14116
2.14116
0.481522
0
0
0
0
0
0
0
0
0
0.0372598
0
0
0.0342756
0
0
0.0697952
0
0
0.0345838
0
0
0
0
0
0
0
0
0
0
0
0
0.12337
0
0.119422
0
0
0
0
0
0
0
0
0
0
0
0
0
0
0
0.0200464
0
0
0
0
0
0.0715071
1.87356
3.62791
1.17949
0.45869
0.45869
0.45869
0
0.520487
1.30831
0
0
0
0
0
0.0218083
4.40519
1.29377
1.35801
1.35801
1.35801
1.35801
1.35801
6.44201e-08
9.95044
5.00078
0.371421
0.791432
0.791432
6.8257
6.88653
4.01489
0.194534
2.38653
0
0.806995
0.00863859
0.489413
0.489413
0.489413
7.31082
0
3.12504
0.231438
0.299821
0.299821
1.63917
0
0
0.0264242
3.64154
3.64154
0.938022
0.938022
1.54894
0.205218
0.205218
0.0605786
0.0605786
0
0.754881
0.138428
7.14546e-11
7.14546e-11
5.81033e-11
0
0.0255817
0
0.0255817
0
0.736254
0.736254
0
3.78538
0.534698
0
0
0
0.566794
0
0.0337003
0.154121
0
3.61064
0.356327
1.26577
1.61638
0.502702
4.37731
20.1391
2.52935
7.06463
1.97703
1.00529
0
0
0
1.17657
5.18789e-10
0.0229811
2.08433
1.5968
1.5968
0
0
2.88406
0
0
0
2.96622
11.3141
2.96041
1.61127
0.561002
0.460196
0.638229
3.89642
0
0
10.3203
0
1.16829
1.16829
0
0
0
0.558757
0
0
0
0.371781
0.371781
0.371781
0.0379464
0
0
0
0
2.2005
0
4.66219
1.13291
2.65779
2.65779
52.7245
41.5104
30.31
39.1063
4.03966
6.927
32.8452
1.48627
0
3.48136
0.364526
71.5758
5.2361
0.572969
0.395262
32.9644
8.49033
8.49033
8.49033
27.4268
107.922
26.3523
17.3919
31.7826
89.8004
78.8377
0.533557
865.745
2.20361
889.322
18.0833
13.937
13.937
1.09812
0.835154
0
0
0
106.18
2.12041
0.629656
57.415
1101.19
45.0174
31.6675
2.7533
3.02777
1.47868
1.47868
2.46228
4.68849e-09
0
0.0435298
6.67393
22.6767
1.5605
0.156363
2.64464
4.82626
12.0202
0.134613
87.23
0.592995
0.29319
0.225279
0.138523
10.2581
2.70526
0.627339
0.943435
0.2754
71.6123
1.35636
0.504557
1.64292
27.618
3.87726
0.235044
0
2.06083
34.1596
7.17507
405.423
0.988188
5.06939
0.049515
23.0204
4.62319
0.883786
1.1961
0
0.365814
1.04296
0.580232
6.15627
427.688
10.2458
5.34126
0.85431
4.0629
0
0.187878
1.69804
14.175
1.24416
274.381
1.94355
0.207334
0.0554556
0
15.0223
15.216
17.9245
16.6788
18.1761
6.52338
1040.55
12.7401
3.5302
2.28614
25.5548
4.92561
0.722221
1.12627
0.188521
0.157378
0.561413
0.179992
0
42.1846
0
0.0635044
0.0724804
0.0724804
10.8737
2.41926
5.60855
49.9015
49.9015
49.9015
0.274409
0
6.34322
7.49472
14.3438
4.21265
3.98423
0.0684024
0.0286901
0.0281543
0
0.0561033
0.0112186
0.0599608
0.0788499
0.411891
22.5145
11.1527
0.068858
0
0
0.0309649
0
0
0
0
0
0
0
0
0
0
0
0
0
0
0
0
0
0
0.034429
0
0.933602
0.0243101
0.0275293
0.0307194
0.291443
2.14157
1.17982
0.344643
0.344643
0.344643
0
13.1765
0
5.90503
2.35291
20.5784
0.0987231
0.543579
0.0816332
3.95099
0.320969
3.30452
4.69256
34.7248
0.0609909
1.34541
3.59495
0.115709
2.93662
9.9276
9.9276
8.545
8.545
8.545
8.545
8.545
0.52585
0.922234
30.3267
8.37751
0.0123981
3.87525
1.38242
4.67488
6.22116
8.65467
4.47517
0.744164
0.219513
37.1824
12.2451
4.04129
4.04129
5.10285
0.000152298
0.530779
13.7696
33.1292
39.5888
70.5743
16.8566
2.09466
2.09466
0.791938
0.675809
0.995373
6.83872
1.3158
8.40376
1.57655
0.0366975
1.256
0.209333
0
0.21062
0.269085
0.248419
0.248419
0.871098
10.2818
2.64747
2.64747
3.38322
5.199
11.0369
0.534064
0.534064
0.534064
1.10184
0.457068
0.457068
0.457068
0
0
1.52889
1.52889
0.728554
0.728554
0.988752
1.11173
1.11173
1.11173
0.327914
0.327914
0.327914
5.33583
32.6617
3.84004
3.84004
1.70104
1.70104
1.70104
0.269555
0.9405
1.61496e-09
2.00941
2.52828
2.52828
2.52828
2.26749e-10
2.26749e-10
0
1.2599
1.8993
0.150231
0.150231
0.144575
0.125197
1.62605
1.00114
1.00114
0.173752
1.85419
5.0887
5.40331
1.55535
0.090602
0
0
2.00724
0
5.41681
0
1.5653
0.168494
0.422146
2.85022
1.94721
3.07596
0
0.782872
5.08083
2.34271
2.74811
0
0
1.9108e-09
1.37708
0.866687
0.35912
1.62142
1.62142
2.0173
0.207733
0.207733
0.443805
0.397367
0
0
1.84812
7.70148
2.10921
2.10921
0.500952
2.39034
1.68193
0.877009
0.980537
0.980537
2.47343
0.265914
0
1.82482
0.00247391
1.06596
0.453199
0
0
0.223325
0
0
0.0356796
2.66837
1.25935
5.2749
0.793133
0.793133
0.207892
0
0.627587
3.0141
0.802367
0.627587
0
5.35799
1.93737
1.93737
0
3.45824
0
0.890061
0.959927
0.959927
4.20456
1.19685
2.27798
8.59922
0.450535
0.152455
0
0.0806078
0.42068
1.23445
1.23445
2.12344
0.702418
0.702418
0.702418
1.9524
1.17315
0.218928
0.218928
2.20278
0.482692
2.49164
0.0256717
2.38135
1.51743
2.00341
3.25259
0.411936
1.09123
0.322377
0.322377
7.435
0.0966295
30.6064
10.0706
3.79094
1.05734
3.17302
96.0198
1.48228
1.2361
0.646371
3.30303
36.2114
916.641
0.607542
74.3308
0.0527661
0.0624448
0.0363538
1.79397
3.56218
32.4362
0.204643
7.38029
0
1.01891
4.55831
0.123455
0.150134
3.12585
1.45894
1.8615
0.548345
2.73638
2.12857
2.71284
0
5.77303
0
12.4391
2.85766
1.59385
1.59385
1.59385
3.27953
7.59385
5.64108
0
5.50621e-10
5.50621e-10
9.60933
4.50908
5.80552
2.5009
2.15551
3.27968
2.28658
2.28658
4.56546
0.417676
3.19787
2.55125
16.1795
1.04353
0.318996
0
0.881775
13.8246
1.32955
4.93751
0
0
0
0
0.719498
0.223135
0.223135
0.223135
0
1.42791
0
2.24106
2.28261
9.60185
834.682
3.24456
0.0650733
0.333059
1.29708
1.48952
0.264364
1.83259
0.784332
0
0.375652
0
0.579374
0.456273
0.456273
0.456273
0
2.79052
2.79052
76.4574
93.2271
93.2271
70.1526
2.87642
2.87642
4.197
1.40642
0.793101
0.793101
2.90885
17.9282
0.93577
0.93577
0.132172
1.38173
0.219384
1.06966
17.1468
0.646361
0
0.320416
0
0
3.96682
0
0.216327
1.26538
1.26538
3.3577
20.5526
5.78374
0
9.70069
9.3546
0.5875
1.83924
0
39.2424
0.0301162
0
0.224647
0.838011
26.8292
32.1309
0.1168
0
0.0599975
27.0325
0.543766
0
0
0
0
0
0
0
0
0
4.5388
1.2796
0.52364
16.7639
9.06922
13.6316
5.44436
22.2611
4.50881
18.6893
0.329924
0.0890069
0.0890069
0.0890069
0.0890069
0.0890069
4.65176
0.387918
0
0
0
0
0.443852
0.258316
0
0
0.532308
0.439319
0
0
0
0
0
0
0
41.2022
0.0702203
218.662
135.88
130.534
0.308707
0.257633
0.00831721
0.00831721
0.00831721
0.00831721
0.00831721
0.00831721
7.92507
0.14023
25.7455
4.72997e-08
4.72997e-08
17.483
0.524835
0.961057
2.09041
0.13578
0
0.144003
2.14924
1.23778
0
0
0
0.237864
5.57761
0
1.24984
0
0
0.0830763
0
0.607113
0.823461
0.998167
0
0.207812
0
0
1.38502
0.424694
0.678626
2.20983
0
0.128225
1.28472
56.7238
137.598
0.000890858
0.000890858
0.000890858
0.340369
0.0542072
0
1.08382
1.28051
1.28051
47.3415
20.634
5.02062
26.0283
1.62416
2.21311
3.04897
15.655
0.180202
0.204553
0.560871
15.4033
22.3053
0.0642254
1.77535
1.77535
4.26237
7.24425
0
0.411908
3.33248
3.33248
3.33248
3.33248
3.33248
0.322704
3.04941
0
1.12022
10.593
0.0167536
4.35846e-07
0.557671
53.5575
2.88152
6.12722
6.12722
6.12722
6.12722
6.12722
6.12722
4.72533
4.64089
0.377693
2.85437
71.1746
13.071
39.5522
1.383
0
1.75295
3.71859
26.1865
0
1.10786
5.08106
0.843205
5.13773
2.35344
4.58819
0
1.04361
0.151367
0.105198
0.91472
1.23464
4.80284
1.0646
1.0646
175.32
0.00384166
0.00384166
0.00384166
8.84492
182.463
0.786603
0.786603
0.786603
0.786603
0.786603
0.786603
0.443694
0
0
0
0
0
0
0
0.0308658
0
0
0
2.83398
129.585
24.1235
20.2177
0.948835
0.447523
10.3182
0.0840928
0
0
1.32719
1.32719
0.104772
0.79341
12.1345
0
0.00586087
0.167645
0.167645
2.15871
0
0
0
25.6153
25.7
8.12571
5.53015
0.0340795
7.09378
7.09378
252.347
12.2732
0
12.614
63.6785
22.8542
0.118666
10.9552
10.9552
10.9552
10.9552
3.09032
0.878021
0.392591
0.416618
0.603901
0
0
1.28404
84.0684
49.5052
3.03713
31.0482
0.96165
0.96165
0.96165
0.212041
0.846316
31.0138
50.7643
280.235
2.59583
1.16088
65.3415
11.3543
10.8782
0.000374254
0.767218
5.29149
0
27.1752
0.0108589
0.0108589
3.25074
1.39835
0.0211529
3.17054
18.0408
1.14479
1.14479
26.3782
26.3782
26.3782
0
0
9.49595
0.372735
0.372735
30.7055
30.7055
30.7055
98.5631
6.00552
0.822131
5.42064
26.8816
4.86741
15.8757
5.15115e-05
1.91055
36.9852
0
0
0
31.1113
0.471634
2.19196
0.752508
2.80669
1.06252
136.445
0.393536
0
0
0.15653
1.59292
18.5028
18.5028
13.4047
0.676517
0
0.0035167
0
0.183163
0.387622
2.75976
0
0.480253
4.6073
0
0.0542375
0
105.433
1.59209
1.59209
2.05595
2.05595
2.05595
334.377
0
0
0
0
0
0.825294
0.046206
1.34637
0.0914812
0.0990004
9.20358
9.10073
1.23062
24.9084
0.635847
0.164035
14.6871
0.370606
0
13.7831
6.38541
6.38541
15.9681
0
0
0.1164
0
0
5.61175
16.1978
6.62544
735.828
3.51009
2.93467
0
18.6994
23.1129
11.515
11.515
11.515
22.8352
2.03572
31.7745
32.7491
9.7225
8.92762
8.92762
8.92762
0.181567
36.0509
3.22742
16.4641
0.981135
34.694
5.9331
1.39851e-08
1.39851e-08
300.072
5.99596
1.75286
0.551418
7.05415
5.38772
8.18194
1.34371
0
0
1.04784
1.04784
2.56904
0.760551
32.9778
0.430256
10.761
2.80519
0.962273
0.969694
28.6128
12.0114
0
1.67378
1.62332
0.139343
862.862
0.433747
0
0.248601
0
0
8.16193
0
5.94607
4.27792
11.5247
7.94104
56.7625
10.005
4.73762
4.73762
0.207686
4.54234
16.9789
20.9815
155.171
5.04687
0
41.4922
0
7.18058
0.387219
0
0.0969965
0
0.67083
6.92737
1.48164
1.48164
0.294206
0.294206
0
0
38.1762
0.298419
1.51119
16.6246
100.473
1.7943
8.60951
17.7887
0
7.39896
7.39896
7.39896
7.39896
17.8545
17.8545
1.91897
35.428
10.5613
0.028206
22.7186
0
10.662
22.7037
0.54058
0.554543
0
0
8.52362
77.7386
627.864
18.767
0
0.316045
0.951058
1.86187
0
0.480158
0
0
0
0
0
2.69311
2.69311
2.69311
5.35121
0.863771
1.67348e-05
0.189343
1.08226
1.08226
1.08226
1.08226
1.08226
0
0
0
0
1.68058
6.74333
0.44904
0.424217
0.168564
0.00340362
12.7786
12.7786
12.7786
2.487
0.449663
3.45962
0.0345596
5.79923
5.79923
5.79923
0
3.44301
8.97087
1.55558
1.55558
1.55558
1.55558
1.55558
23.2223
1.36574e-05
1.78957
1.78957
1.78957
1.78957
1.78957
1.78957
1.78957
1.78957
1.78957
48.3467
11.7025
0.911589
1.46211
1.46211
9.94971
11.9212
10.2718
41.0451
15.8672
15.8672
18.2124
14.5806
23.2971
13.6412
13.6412
0.070748
0.070748
0.070748
0
0
0
22.6262
10.4111
23.2028
6.01294e-10
54.014
54.014
34.9545
3.31825
164.317
89.3365
0
2.44176
0
1.17781
0
0.0382962
0
0
0
2.38844
0.0188942
0.0188942
4.75536
276.338
26.5633
41.8526
14.4383
11.9931
0.440406
0.474638
4.28731
4.3762
1.54302
1.54302
4.78154
1.47728
0.0319074
59.1041
0
0.643334
0
0.0865715
0.073968
0
460.623
23.1869
0.173236
0.216244
0
0
30.6178
21.0871
0
26.6955
0.190516
0
0
0
0
0
0.0423902
27.5959
0.348806
4.31137
0.0550639
1.75031e-10
0
1.08959e-10
0
0
0
0
0
0.682218
0.00849967
0.000118234
0.00131322
1.83023e-05
1.83023e-05
1.83023e-05
1.83023e-05
0
0
3.75106
1.60515e-05
31.8158
0.210762
0.226108
628.156
55.1226
86.7173
0.0483148
0
5.75294
22.6402
5.08612
6.01433e-09
8.47701
3.61543
3.56651
7.06494
0.0920733
0.0011199
0.849403
0.649739
2.75208
0.151204
0
37.3111
0.299185
5.50431
5.50431
4.7798
2.46403
30.4507
0.00427967
0.00427967
0.00427967
0.00427967
29.7908
5.35979
5.93788
0.901059
0.901059
5.09463
0
69.5257
30.7938
8.13419
0.0526108
0
0
0
270.413
29.097
120.348
21.3757
0.0448348
0
0
0
0
22.3959
0.000557164
0
14.1986
0
0
0
0
0
0
0
0
0
6.79754
0.00206196
7.54895
0
6.01784
0.430946
0.106626
0.19402
4.02669
0
0.209271
10.7143
362.636
12.7912
0
3.94749
0.0550698
0.0259649
0
0
203.272
0.134082
1.63498
0.903625
12.1314
0.820872
11.7929
0
12.849
55.9911
1.31443
29.0207
0.022933
10.9661
449.48
0
150.988
4.57649
6.91611
6.91611
1.84284
1.84284
0.202599
4.21878
0.393499
0.544584
4.35953
4.35953
5.2637
0
3.19188
0.977068
0.977068
0.977068
0.977068
0.876937
0.557682
0
0.231854
4.5261
4.5261
4.5261
4.5261
0
5.83711
7.78969
0.483691
0
4.91887
1.50164
3.08642
3.67274
4.6972
1.07801
0.00563183
0.101672
0
0.225006
9.91025
9.91025
0.087129
0.087129
0.087129
0.0966706
3.85079
0
0.536805
0
15.4462
2.25763
6.33589
1.63818
1.67628
0.0972653
9.73502
148.866
0
7.45915
0.331183
2.72081
0
0.381294
0
0
9.43261
1.45791
0.374141
21.3155
0
0
0
0
4.4658
0.247519
2.66981
0.189633
0.108635
0.34547
8.45628e-09
0
1.32095
23.77
1.68387
465.618
1.55021e-06
0
0.0155783
0
1.28869
1.51969
0.0762224
14.9866
2.00992
2.00992
2.24132
2.24132
2.24132
2.24132
2.26689
4.21443
0.482745
3.44908
3.77492
6.33192
6.33192
4.64372
13.7424
0.913638
0.742263
0.251664
0
0
0
0.798857
0.798857
9.55946
5.33781e-05
17.5734
29.1198
108.958
0.272682
38.8325
38.8325
38.8325
38.8325
38.8325
38.8325
0
0
5.42821
0.111727
9.42333
0.596844
0.636571
0.431411
1.69966
0.83729
6.24735
14.1249
17.6964
0.927597
0.888347
1.13907
0.0608927
0.0793596
0.138591
0
0.312783
0
0.16841
0
0
0
0
0
0
0
0
0
0
0
0
0.374201
1.59987
1.59987
0.242694
10.5009
24.4189
43.0457
13.7253
17.3149
0.854453
73.2815
0
0
0.172652
0.172652
0.0773283
0.0254355
0.120842
0.564943
0.000507489
0.0109431
0
0
0
0
10.8312
10.8312
0
2.91145
59.9089
3.58711e-10
22.2516
2.46068
48.5392
0.0256049
14.0748
16.7433
0
10.0129
39.4271
9.01227
4.25767
4.25767
50.1499
0
0
4.26763e-07
0
0
0.00500227
0
0.00500227
202.19
0
2.80102e-05
2.80102e-05
2.80102e-05
2.80102e-05
0.11384
21.013
14.3952
0
0
0.0212667
0.0212667
0.0212667
0.0212667
0
26.6073
1.43436
0
24.4279
0
0.296792
0
0.139219
0
114.135
7.86392
7.86392
6.57421
0.373721
3.10232
0
6.49239
0.269613
1.22851
0
1.16469
64.5091
293.773
0.513861
0.231329
0.231329
0.223591
15.6288
8.46891
2.99929
6.71694
6.71694
6.71694
19.4689
1.69912e-06
0.795489
0.000138074
1.55167
70.7041
13.4542
5.77088
15.3469
2.31651
0.279729
0.279729
0.279729
0.279729
40.6032
0.502282
6.84127
14.4544
22.5782
20.6217
0.650281
8.6938
2.18175e-09
0.54936
19.1668
78.9433
1.85856
6.81225
0
0
0
0
0
27.5682
0
0
36.9922
7.80874
126.071
14.2089
2.31983
0
14.9544
0.340997
0.00208039
89.1759
0.84149
0.84149
0.84149
0.84149
0.84149
0.84149
0.84149
0.84149
0.84149
0.84149
0.84149
0.84149
0.84149
0.84149
0.84149
0.84149
0.84149
0.84149
0.84149
19.1684
1.64294
427.622
0
0.0451839
0
43.2882
0.0136524
1.35708
0.0950544
0.175541
4.8097
4.8097
0.0351385
2.07274
8.13441
6.53092
0
0
0
0
0.106681
27.3464
18.6985
18.6985
1.84698
0
0
0.505906
5.4626
4.83528
0
10.308
15.1248
14.0804
1.38986
0
3.2672
0
10.985
1.32549
3.51482
3.51482
0.0292205
0.22388
0.153487
0.0784338
0.57267
2.57941
17.8706
0
1.92705
0.131277
0.131277
0.00492173
0
0
0
1.38844
0.566973
0.0215048
0.0655604
15.383
0
0
0.0197158
8.61614
0
0
0
0
0.7126
0
4.52972
3.12041
50.8475
50.8475
778.571
0
0
2.91959
4.87341
3.73666
3.15046e-10
0.523481
16.0214
5.07712
38.1442
56.9353
22.4942
21.8466
0
18.516
1.87116
108.339
0.425541
22.3994
0.292091
0.0602642
1.86221
0.566749
0.566749
0
5.93451
1.72156
0
8.1562e-10
2.37839e-05
0.628687
0.149534
1.92323
86.5493
0.293106
0.293106
0.293106
15.569
4.50948
3.83088
47.2201
7.99006
0
48.327
48.327
1.17803
63.0222
0.114205
0.100572
0.0202201
4.35676
8.08638
0
0.517826
0.339788
0.45468
0
0.189199
5.33689
5.33689
5.33689
1.02166e-07
0.487293
1912.54
537.38
29.5625
165.866
0.0270453
0.0270453
364.489
1.12923
17.7636
0.702761
0.702761
0.702761
0.702761
0.702761
0
8.96347
0
2.58484
3.1341
3.1341
3.1341
3.1341
2.68445
170.218
12.3654
3.56739
1.44656
0
0
0
0
1.05858
2.14849
0
0.747829
0.538719
0.0421311
0.506983
0.00321623
1.06634
0
0
0
0
31.3572
4.06391
4.06391
12.25
1.78587
1.78587
1.78587
0
0
0
0.0841443
0.259169
0
0.175779
0
0
0
0.325837
0
0.00588899
0
0
0.00476312
0
0
1.79271e-09
0
0
0
0
0.134504
0.680423
14.078
16.1961
2.43447
0
1.42691
0
0
1.44789
17.8579
0
0
0
9.86221
0.551511
0
17.1634
17.1634
2.92211
2.92211
2.92211
25.5912
140.145
18.0734
11.7668
6.182
6.182
5.53519
5.53519
5.53519
0.0766319
1.00312
1.82041
26.979
0.654828
0.174855
1.40206
1.40206
0
0
11.9353
3.79039
3.79039
3.79039
6.21866
6.03453
19.7288
1.09074
4.04916
0.447924
5.72286e-08
5.72286e-08
5.72286e-08
5.72286e-08
0
0
3.99212
15.7108
0
12.1285
15.9885
49.4363
1.26679
0.0850668
0.0850668
0
0
0.167004
76.3453
76.3453
76.3453
0.0217774
15.3786
7.37202
7.37202
6.24415
1.62436
3.70938
3.70938
0.175227
4.55474
4.55474
0
51.9545
1.78125
0
2.96188
3.84169
18.9408
0
0
0.531494
0.339018
0.339018
0.339018
0.339018
267.301
2.57035
77.3852
2.42541
13.5366
0.278096
0
0
0.625911
0
32.3922
573.117
0.0172919
0.0172919
8.3414
0.492032
1.28749
3.94389
4.35742
4.35742
4.35742
4.42238
0.514189
0
0
0
0
0
0.0453525
11.3587
11.3587
0.788114
0.788114
0.788114
0.313095
0.35275
2.34785
10.4839
1.72251
2.5561
0.0816917
1.55621
0.975457
0.393846
0.393846
0.093627
0.093627
0.093627
20.9775
1.60154
0
16.7206
16.7206
16.7206
2.171
5.14611
0.56321
0.0829528
0.394323
0.96427
86.5478
8.38531e-09
1.60575
2.29757
6.10263
45.1541
14.6804
14.6804
10.9125
9.4333
8.10673
5.56617
16.1393
8.6437
0.170457
0.944875
0.178197
0.178197
0
0.0909634
0.103598
0.103598
16.1148
1.84291e-10
1.84291e-10
1.84291e-10
10.5213
0.713521
0.255952
0
0
0
0
0
0
0.260085
1.34593
14.3972
2.98374
2.98374
0.596522
1.80451
1.40172e-10
0
0
0.0666628
0.0922457
7.35975
0.593714
0.00524537
0.417575
0
0
0
0
0
7.26271
0
0
0
0
0.584412
0.735122
0.450135
9.80526
16.4029
4.13079
0.0472998
0.0398123
0
0
32.9636
0.44262
0.0513478
2.0392
13.9541
0
17.883
19.3819
23.4692
1.40327
0.214906
0.00285337
0.523001
0.396218
0.360768
0.78868
1.94004
1.50353
3.31786
0
140.784
0.0345838
14.2448
0.735624
0.735624
6.5972
2.99257
2.99257
4.40134
4.40134
1124.75
93.2936
2.91387
4.39852
4.39852
4.39852
4.39852
4.39852
4.39852
8.61936
11.2573
5.02871
114.792
3.00276
3.00276
3.00276
3.00276
3.00276
3.00276
13.7714
0
18.6374
0.516174
1.93486
0.230987
0.531935
6.33734
0.335065
0
18.3036
35.107
0
10.078
52.8022
0.279394
10.7873
1.08482
1.08482
1.08482
1.08482
1.08482
1.08482
1.08482
1.08482
1.08482
0.612675
53.1639
0.389994
1.90011
2.74136
2.74136
6.74256
0
0.223398
0
0
2.7525
0
0
0
0
0.125887
22.0693
14.6763
0
52.6954
0
0
0.0220585
0
0
8.60821
0
1.78734
0
0
0
5.47067
4.71933
4.71933
4.71933
0.0773196
0.236642
3.59366
0.000101276
7.19068
0.000254054
5.03792
0
0
18.0038
0
1.44796e-08
0
0.894062
0
0.589935
1.18962
0
1.0539
0.525425
0
0
0
0
0
0
0
0
0
0.366372
0.366372
0.15179
0.15179
0.634087
0.209386
2.96882
7.0853
0.388218
0.297852
0
0.454887
0
58.7799
0.184017
0.206218
1.83141
282.099
31.3935
31.3935
31.3935
31.3935
45.6522
8.83582e-07
2.11642
0
0
0.840114
1.1571
0.0205992
47.6022
70.6459
5.66083e-09
2.8181
2.96896e-08
82.0855
5.36851e-09
4.38068
11.7014
4.7034
0.52785
0.52785
0
0
0
0.558568
0.827036
0.203001
0
3.06437
3.06437
0.438793
0.954557
3.4307
0.533747
3.60517e-10
1.39939
1.37579e-08
0.097909
0.0535341
5.91423
0.165628
7.22137
40.4796
0.0980246
0.0332392
0.603522
1.23962
0
0.203072
0
35.0792
0
57.1627
0
17.3151
15.9299
15.9299
65.1364
8.31311
1.3785
0.413235
3.75135
46.972
10.1781
0
0.326196
0.326196
0.326196
92.5521
92.5521
0.584142
0.584142
0.584142
0.584142
81.7839
0
0.187606
22.5013
0.56347
0.339043
8.52036
8.52036
0
123.444
123.444
2.79194
1.33894
2.14783
0.24709
8.02684
0.017668
0.247361
69.5363
3.6188
0.201152
4.94469
0.286335
0
44.0648
5.06743
11.7746
2.96127
5.76184e-05
4.63833
0.161963
0.0322235
10.119
0.473358
3.91618
6.4502
0.800885
0
4.615
12.211
1.39732
14.6415
0
1.63042
1.63042
1.63042
0.757581
0
0
0.395421
0.27362
0.147017
5.81979
0.238717
0.643746
0.144003
37.3775
0
0
0
0
0
1.47137e-10
3.6997e-10
0.0540785
1.17201
0.0625928
0.0829649
0
0.584746
1.40884e-11
2.69082e-05
0
3.75268e-07
1.66224
0.028512
0.0228809
0
5.05766
0.926827
8.39494
0.477218
0
1.5327
5.21645
7.31982
18.1816
0
11.7609
0
0
5.4462
5.4462
45.4214
44.7776
0
8.00446
5.87008
1.26397
2.73087
0
17.1445
4.67427
0
13.0674
1.56372
47.2983
6.27732
7.07758
7.07758
4.82021
4.82021
4.82021
4.82021
4.82021
45.2338
1.13325
0
0
7.06305
0.952423
0.952423
0.952423
0.10309
15.6694
8.96239
1.26747
48.6624
0
0.132009
0
0.880217
1.62689
0
4.70814
0.444196
1.34027
8.67302
6.1398
0.163887
0.0474216
0.42585
0.123346
0.0768413
35.992
0
0
0
7.91579
5.38526
5.38526
5.38526
4.57749
4.57749
4.57749
3.65838
0
15.7039
3.12793
3.12793
3.12793
3.12793
3.12793
3.18172
0.754295
0.624646
2.49114
0.398191
0.226678
19.8868
19.8868
117.98
117.98
1.89251
1.89251
1.89251
0
0
0
0
0
0.655345
0
14.1819
0
21.81
46.2687
7.62352
19.867
14.9914
0.164308
7.09343
1.35794
8.08501
7.86417
2.00578
2.33814
0
23.8488
0
0.0246213
64.1765
0.255371
14.6484
0.317732
144.263
0.322359
1.87244
8.03162e-07
2.15286e-05
0
0.171616
8.99819
2.42103
0.262532
0.638283
20.3602
0.456713
0.456713
0
0.463182
0
12.1395
0.777181
0.237691
0.0696447
0.512401
0.0540204
0
18.411
4.8203
12.2205
0
178.246
232.964
9.24461
1.93772
0.0936871
29.8241
6.13277
2.52766
0
0
0
9.04258
0
0
0.71833
3.38577
3.33433
3.33433
3.33433
3.33433
3.22049
3.00068
0.669744
0.669744
0.669744
0.669744
0.968867
2.46269
0.56093
0.934459
2.02172
1.30806
1.0726
0
0.0484282
0.703613
0.88779
0.000195706
25.4808
7.225
1.42644
0.157209
0.281658
0.345041
23.4628
10.4866
0.86504
9.12856
9.12856
9.12856
236.163
0
0.115162
0
0
2.75583e-07
0.0856634
1522.66
0.821231
0.821231
0.821231
22.6508
0.127166
0.127166
0.0619297
0
0
0
0
0
0
0
0
0
0.0301162
0
0
0
0
0
44.6548
44.6548
11.1268
11.1268
288.688
3.7366
21.733
21.733
1.40636
15.4942
0.409482
4.47987
1.67191
2.82899
0
0
2.01898e-06
2.01898e-06
2.01898e-06
4.86417e-08
0
0.035949
0
0.922829
4.81067e-08
0.0170025
0.325366
1.50554
17.1332
5.64707
0.730459
0
0
0
8.93376
0.774268
0
0
0.287434
0.807279
3.93756
3.93756
26.0752
1.51553
3.48748
1.2639e-06
0.0679309
0.155691
0
0.494115
0
0.173051
0
4.98005
0
1.35639
0.174317
0.53907
0
0
0
0
0.946343
0.946343
10.7634
0
0
3.17187
3.17187
3.17187
3.17187
3.17187
3.17187
3.17187
3.99184
0.580536
34.1896
3.65482
116.736
0.943167
2.22644
0.983649
7.39411
7.39411
7.39411
15.2541
5.34485
9.14905
0.321959
0.323389
1.63678
7.68836
0
0
0
0
0
0
0
0
0
4.07148
0
0.281373
0.305273
0
0.205131
0.0542375
0.0647992
26.7027
0.156363
81.2181
16.582
164.439
4.72244
7.57309
0.66604
1.1621
73.4184
0
0.104064
1.95861e-07
0
7.64841
0
0.215834
0.43399
0
197.07
41.0948
41.0948
0
0
1.64631e-10
8.34624e-06
0.514829
0
0.188518
0
1.57777e-10
0.200276
0.631676
17.9351
0
12.4065
0.228252
0
0
0
95.1214
0.650207
41.1707
0
0
17.5586
8.01328
0
0
0.00913081
0
0.0400405
9.61897
0
0
0.0255955
10.5252
0
1.44011
48.5501
1.07074
23.6254
43.0662
43.0662
43.0662
0.068247
0.495307
0.000696594
7.32684
4.10099
0
8.15397
0
0
2.10122
0.365405
4.2112
0.150581
0.150581
43.1888
154.26
6.70691
40.1862
0.102408
0.102408
0.102408
0.102408
0.102408
0.102408
0.102408
0.102408
0.102408
0.102408
0.102408
0.634019
0
2.95877
0.00898751
0
2.94039
2.94039
2.94039
2.94039
2.94039
14.893
0.44618
8.15918
7.49251
1.15715
8.11264
7.89545e-10
0.891758
1.51006
13.006
9.7944
40.4411
14.1711
1.11215
0
0.56511
0
3.34288
1.37509
0.175471
18.8485
4.37262
4.37262
0
14.0979
0.120185
0.120185
0.120185
0.120185
2.66861e-08
0.587556
0
0.280476
7.60924
0
0.419987
0.455337
10.4719
0.365448
1.34891
15.5828
15.5828
108.522
5.09312
11.9502
1.19783
0
693.511
2.8727
0.592129
0
0
1.03685
2.81791
0.284802
0
0.54695
7.9864
17.7895
0
0.62587
0.62587
0.62587
0.62587
29.1378
0.595789
0.291344
2.56411
253.664
0.0520765
113.784
61.4975
1.78472
0.342306
3.34476
7.12383
2.32178
9.87739
9.87739
9.87739
7.10209
3.38409
0
3.95415
0
0
6.71027
20.9888
1.78245
5.16739
0
0
0
37.5166
0
0.0308528
0.0308528
0.0308528
0.0308528
0.0308528
0
0
0
6.96423
11.2059
0.149074
0.103384
0
0
0
10.9432
5.47696
0.0569424
0
0.0117181
18.9254
8.73685
59.4773
1.56121
3.69613
3.69613
1.41946
3.53991
3.53991
3.53991
8.77424
23.9261
30.8262
7.53279
0.14792
0.0424043
0.0424043
0.871367
0.871367
0.871367
0.871367
0.871367
1.48725
1.13567
1.6483
1.20513
11.2441
1.23759
0.770183
0.109351
0.109351
0
0.396597
11.1452
11.2267
0.0642401
0.0642401
0.0642401
0.0642401
2.65558
2.65558
2.65558
2.65558
2.65558
2.65558
4.9361
0
0
0.574898
0
7.80826e-06
0
0.0783521
8.08538
4.8927
1.5588
0
1.79078
1.79078
0
0
5.04314
0.280175
3.92122
95.5457
80.9512
0.230596
0.305524
0.305524
0.305524
0.0801421
0.11324
16.776
53.7474
0
0
0.00371024
0.0786765
0
0.0255199
4.88329
9.94645
9.91543
84.2099
8.62537
0.365416
0
0.902786
0.902786
0.902786
0.902786
0
0
53.4085
0.197157
0.469165
5.30036
2.5839
9.12245
16.1017
6.75864e-06
0
0.289491
0.0317313
71.797
0.569673
7.18486
0
0.0418937
0.0418937
32.4257
6.81702
6.09879
1.25272
3.49439
3.49439
3.49439
3.49439
0
17.0232
10.7257
0
0
125.227
1.51676
0.385731
0
2.45854
0.396689
17.2262
1.75297
0
0
0
0
0
0
0
0
0
0
0
0
0.24051
0
0.000137735
0
0.154746
4.03195
8.97416
2.1551
17.8983
0
0
3.69578e-10
0
5.05962
0.887366
0
0
0
0
4.43046
2.04803
2.04803
10.0222
5.03054
1.1347
11.3529
14.9928
1.02377
0
0.309861
123.127
6.29257
209.656
2.97483
0
8.47962
12.6901
1.8812
1.07248
0
10.1522
9.63085
0
0
0
0
0
0
0
0
0
0.143491
0.154142
0
5.61281
2.17439e-05
6.38331
2.94351
0.325001
10.3526
1.25479
7.90611
0.958606
1.32307e-08
15.0638
1.62847
1.62847
2.15176e-05
2.15176e-05
103.732
584.254
3.2207
3.2207
14.1612
15.9123
14.2942
16.3739
1957.66
1957.66
5.45302
0.300191
3.90645
2.31629
0.138242
0.354088
1.61674
0
0.0830593
0
0
0
0
0
0
0
0
0.000480907
0
0
0
0.140011
0
0
0
0
0
0
0
0.0681364
0
0
0
0.222206
0
1.69658
0.101916
0.101916
0.153877
5.80545
8.59261
8.59261
1.99664
24.2718
104.815
0
0
5.19545
3.53084
0
0
0.554912
0.174488
1.00284
0.0318627
0.19208
27.7167
0.0274825
1.12648e-09
0
0
0
0
0
4.695
19.993
2.23783e-08
2.23783e-08
32.5387
32.5387
32.5387
32.5387
0
0.741295
3.98926
0
0
0
8.85017
8.85017
8.85017
8.85017
8.85017
8.85017
27.0203
2.69087
5.61557
0.000125945
0
0
0
0
2.71626
0
30.1644
1.30248
7.12072
7.12072
22.1237
2.92987
0.0333835
0
0.108212
0.902197
0.902197
0.902197
4.62645
1.50685
0.181874
0
0.433424
4.57468
0.0814337
0
6.78163
0
2.66455
8.39284
40.4365
40.4365
0.0860853
24.687
4.92003
4.92003
4.92003
4.92003
4.92003
4.92003
231.312
0
222.675
188.561
301.18
0
41.0644
0.874385
0.122429
7.21459
7.21459
7.21459
7.26787
0.322507
0
0
0.41656
0
0
0
0
0
0
0.33994
0.037853
1.23931
0.0397593
5.78469
5.78469
12.94
0.140867
0.0641782
0
0
0
0
0.714743
1.37113
1.64221
0
0
23.6549
8.77132
0
0.393778
45.5269
45.5269
9.90974
0.0107367
2.38969
0.0669299
47.481
47.481
0
0
0.193224
0
4.03541
5.4608
2.05017
0
28.914
4.23686
24.1405
24.1405
0.853709
234.192
0
8.23274
0.193219
0.193219
0.193219
5.35134
20.3993
0.17831
3.12649
0.132373
0
0
0.124596
0.124596
4.1116
30.2528
30.1469
341.102
38.2212
38.2212
38.2212
38.2212
35.0942
42.2317
14.0008
14.0008
14.0008
14.0008
14.0008
14.0008
94.7535
14.7605
32.7912
4.22855
3.68945
0.251729
0.778118
0.778118
0
4.53091
0
4.71464
3.17797
3.17797
0.482899
10.9509
0.545845
5.96975
0
54.4726
0.660614
4.02504
0
4.25916
0.879134
9.9651
0.000677454
0.000677454
0.000677454
0.000677454
0.000677454
0.000677454
1.69249
0.280522
1.31994
1.31994
0.0666232
0.997759
7.92112
0.667813
0
0
0
0
0.0986393
0.0230323
0.0230323
4.3158
0
3.92134
16.1631
17.2646
18.8608
4.50805
4.50805
4.50805
4.50805
0
15.868
0.60469
2.17646
0
28.248
14.9384
14.9384
14.9384
9.82676
22.1375
0
14.1542
14.1542
14.1542
27.9864
33.8305
29.9904
155.954
0
0
72.7098
35.8908
1.75451
0.1966
5.30863
0.000115143
0.000115143
0.000115143
0.000115143
0.473351
26.8805
0.209991
17.8585
0.223612
0.223612
0.223612
0.223612
0.175999
1.30115
1.04385
0.600949
0.468205
21.8889
0.0345838
6.52231
0.068247
2.13461
0.94068
0
72.4214
344.652
339.252
3.48896
0
4.86435
0
8.63239
39.9744
5.40799
8.12444
21.7497
1.13134
0.881213
0
0
0.0847809
0.202615
0.202615
0.202615
0.202615
0.202615
0.202615
0.202615
0.202615
0.202615
0.202615
0.202615
0.202615
0.202615
0.202615
0
298.33
2.31488
2.31488
14.7831
1.66678
1.66678
4.01939e-10
0.178049
0
26.1368
10.2103
11.3637
1.88833
0.0934604
0
32.7126
3.49925
0.430979
3.18758
0.31097
2.31711
1.95207
1.95207
6.22545
4.18612
0
0
35.8155
35.8155
21.5688
21.5688
0.231419
11.5199
1.17676
0.0316361
2.67218
1.54191
0.898184
29.802
2.25537
2.25537
0.714675
0.714675
0.118851
0.146481
0.0517263
0.228724
16.413
16.1452
1.20119
0.622214
0.0528191
0.12469
0
0.116971
0.0274438
0.0529327
0.163415
0
0
1.15656
0
96.8406
10.0016
10.0016
0.000153261
2.99861
9.37064
9.37064
0
5.1978
3.35859
0
37.2013
0.705348
0.621324
0
0
0
7.41445e-09
14.8655
1.34901
1.34901
1.34901
1.34901
1.34901
0.180841
1.06241
13.1149
6.31412
0.0727706
0.0605252
22.662
1.80083
1.00872
26.2485
658.722
0.301142
288.124
505.92
1.8583
28.0639
26.8518
54.3829
253.459
0
7.62461
7.62461
7.62461
7.62461
210.336
38.281
4.7983
49.9965
0
2.99379e-06
2.99379e-06
0.195241
0.130829
0
0
0.0566816
0.419041
0.047615
0.0670274
0.587037
303.592
216.155
15.1827
15.1827
10.2159
10.2159
3.69638
0
0.0577894
0.27836
5.57742
0.704213
2.29799
1.25227
12.501
31.1345
3.61057
1.73919e-06
1.73919e-06
1.73919e-06
0.49934
0.228655
1.06437
0.611964
0
0.305318
0.000132341
0.613748
7.14117
0.000972445
7.07597
0.118339
0.231015
0.0936486
0
12.1685
12.1685
12.1685
12.1685
12.1685
0.0577747
25.5296
637.025
5.06703
0
0.936706
1.02789
1.71713
1.33022
1.33022
1.33022
1.33022
1.33022
1.33022
1.33022
1.33022
1.33022
1.33022
1.33022
29.7016
0.295118
3.61797
3.61797
3.61797
0
0.075624
0.744372
0
0
0
0.162533
4.88272
0
5.65909
0
0
0
2.20639
6.45014
1.40433
0.101011
12.0332
5.64457
0.0785068
4.69998
5.83859
0.349755
38.7963
2.25359
2.89415
0
1.23219
1.69314
1.37266
1019.83
3.71202
166.213
4.91505
4.91505
4.91505
120.961
59.4983
59.4983
0.344094
0.344094
0
0.209542
0
0
0
0
19.7056
2.56062
62.0601
9.45502
1.05759
1.05759
7.15031e-08
0.031994
0
0.000268584
0
13.9475
16.8053
4.96141
4.96141
1.02063
0.50484
0
0
0.886471
0.740904
0
0
0
63.7946
0
0
0
0
1.03434
5.90888
15.2374
15.2374
0
0
4.10299
8.59418
5.7627
0.930542
0.653129
0.000369877
0.000369877
1.04217e-05
1.04217e-05
1.04217e-05
1.04217e-05
1.04217e-05
1.55169
102.82
10.6287
0
2.20929
97.5034
8.81245
0.166731
0.289679
123.703
1.98884
0.780489
1.28197
0.367917
28.2158
28.2158
30.8914
42.2584
2.12378
8.87159
1.82038
0
0.517778
0.115569
0.0762558
0.129586
0
24.4483
24.4483
0
1.26991
73.6647
106.808
4.4495
428.728
3.98423
1.00373
6.00997
16.3745
16.3745
16.3745
28.3016
4.53259
1.18946
767.825
9.91887
92.9136
11.5698
11.5698
11.5698
0.861147
5.63668
5.63668
5.63668
3.48474
2.30863
0.640987
0.320493
0.127871
0.127871
39.309
0.519923
0.669795
0.4672
0
0.344305
0
0
43.0039
15.8997
15.3811
0
0
0
0
1.23127
0
1.28397
2.36143
0.817423
77.643
34.0757
17.2484
0
0
10.6632
2.55765
31.2335
1.33913
1.33913
1.33913
1.33913
0.0790688
26.4554
10.9909
167.942
14.1862
14.1862
25.0899
2.20425
2.40119
4.58228
0
0
13.359
71.6509
1.30786
139.363
5.7789
5.7789
5.7789
1.73881
26.5345
0.994989
224.971
37.9591
37.9591
1.95832
5.52528
0
40.1577
1.8365
1.73506
0.665264
0.665264
1.00577
3.2811
148.418
10.9997
10.9997
10.9997
10.9997
10.9997
4.15339
1.56064
18.0235
2.78781
26.4821
1.78889
1.00224
5.74082e-09
5.74082e-09
5.74082e-09
5.74082e-09
0.830771
0.672844
0.351516
0.554092
3.53778e-06
17.2908
20.255
0
0.453734
3.34023
4.63234
0.820932
0.0881394
0.470996
2.32849
0
0
0
0
31.3897
1.94406
0.0604692
0.299606
0.695372
1.2711
0.810405
1.60767
0
0
40.8252
4.41717
0
0
0
539.065
13.1584
1.21978
1.59059
2.40269
0.000329432
2.91445e-08
2.91445e-08
2.91445e-08
2.91445e-08
2.91445e-08
2.91445e-08
2.91445e-08
2.91445e-08
2.91445e-08
2.91445e-08
0
28.4977
11.2288
11.2288
11.2288
11.2288
11.2288
2.59606
0
243.405
0
0
5.67999
5.67999
5.67999
5.67999
5.67999
0
12.6883
32.1495
0
0
0
0
6.39598
2.4223
6.17245
2.38485
0.135188
17.8282
0.0843484
0.486243
0.78639
0
5.62693e-05
0.111709
1.04192
0
0
0.335461
0
1.26238
59.1443
17.9137
0.701191
1.44469
10.8495
0.142889
1.4594
1.4594
1.4594
97.4865
38.496
20.9363
2.32868
2.32868
2.32868
2.32868
2.32868
0.676977
5.72497
5.72497
5.72497
0.020327
0.136836
1.61035
0.571272
9.34498
81.3879
5.69581
33.8525
33.8525
1.57695
0
0
0.491022
1.39887
1.39887
1.39887
3.07789
0
0
0
0
9.37792
9.37792
9.37792
9.37792
14.7569
14.7569
14.7569
0.413535
70.9699
49.5292
113.77
113.77
49.5292
6.00243
393.102
0.0336758
3.99167
3.16877
3.31816
5.21451
591.85
0
27.4963
4.96361
3.15055
3.15055
0
11.6419
44.846
14.4705
0.0902293
9.65211
0
2.85762
2.85762
2.85762
2.85762
2.85762
1.67902
40.7238
263.302
9.91046
0
3.98619
3.98619
0
0
1.73419
1.73419
0.0164565
0
0
0
0
0
0
0
0.0302113
0.0839753
0.0839753
0.0839753
0
0
0
0.157318
0.157318
0.157318
0.157318
0
2.32223
0.745804
0
14.5219
10.2267
1.83366
12.5531
12.5531
0.438122
0.438122
0.139195
0
2.01734
0
0
0
5.16897
11.3374
0.862291
0
0.235471
0
0
0
0
0.35629
4.06909
6.07352
0
6.76989
6.39262e-09
6.39262e-09
0.6258
0.6258
3.71242
3.97697e-09
0
0
4.63756
76.5537
0.0279079
0.0269308
0
0.0228648
38.7348
38.7348
38.7348
7.43215
1.15245
0.486326
5.24657e-05
5.24657e-05
5.24657e-05
5.24657e-05
5.24657e-05
5.24657e-05
5.24657e-05
23.3247
0.149618
0.342096
17.3858
2.98275
2.98275
2.98275
2.98275
0
9.1881
1.74246
7.95581
0
9.44349
0
0
0.635583
4.51313
0.154724
1.12045
0
0.206363
1.36171
0.250507
12.1978
73.3983
70.9854
0.611477
0
0
0.592648
0.0323996
36.4881
62.2119
4.99553
0.984968
0.984968
0.984968
175.068
0.973423
0.973423
50.7101
1.73095
0
0.00768184
0
8.03408
0.896654
0
0
1.13132
0.262044
82.8374
0.981908
0.981908
1.04142
1468.51
33.7633
0.45422
1.04988
6.8444
0
36.1915
1.32273
3.46166
1.60067
28.505
1.94372
1.69868
2.98781
2.98781
85.794
0
0
0
0
0
0.0475241
0.0475241
0
0
0
122.903
31.0362
35.3331
0.707932
12.5631
15.4945
1.66942
0.1861
722.307
0
0
4.34855
32.8534
9.11452
29.6132
26.4527
0
9.43551
0.268004
0.453216
0.236118
4.81241
1.44532
5.08871
1.2093
0
0
0.766484
42.5007
10.8769
17.4856
200.535
1290.62
2.27542
5.2073
0.262258
0
48.7212
27.884
1.87984
1.87984
0.292543
1.55003
55.6157
55.6157
55.6157
55.6157
55.6157
55.6157
55.6157
55.6157
21.3115
5.35778
2.01355
12.761
10.5449
0.521377
0
1.14169
1.14169
20.2486
85.6246
6.57239
0.0856961
0.0740671
7.65015
1.37426e-07
0.296593
6.54185
7.4357
0
7.10609
7.35013
7.35013
7.35013
7.35013
0.149994
39.6863
33.9243
2.29605
17.8539
2.30786
2.30786
2.30786
2.30786
2.30786
1.30649
177.153
101.679
28.5177
0
8.59027
19.8943
14.571
0
5.2188
22.0936
2.3444
2.3444
11.0501
3.91793
1.00965
0.910349
3.23645
3.23645
3.23645
3.23645
3.23645
3.23645
9.96437
32.2451
7.36979
14.4555
0.488544
0.594416
0.0487405
0.666356
3.06514
24.7049
2.84718
12.4592
0.0483033
14.571
0.363036
0.800247
1.57326
66.0744
3.06504
3.06504
0.16762
0.16762
0.16762
0.16762
0.16762
0
0.187284
1.34911
0.30954
0
0
0
0
0
0
0
0
0
1.24751
3.01873
0.557001
14.6272
14.6272
23.1567
1.31313
2.05137
24.6735
14.0486
1.32752
0.00412921
0.448114
4.53182
0.520622
0.946875
0
0
10.2812
0.139569
9.77249
0
2.243
7.11132
8.56354
1.03391
0.390124
0
0
0
392.66
392.66
0
9.42209
32.0221
8.03084
0
0
0
59.3199
2.50605e-10
8.63476
3.96304e-11
3.96304e-11
3.96304e-11
3.96304e-11
2.96391
0.0992899
0
0.785878
0
0.630182
0.0199578
1.41032
0.912332
0.446961
0
0.490754
10.5773
0.278367
0
17.2027
3.82794
0
12.0415
12.0415
3.20223
0.311075
0
0.804614
0.804614
0.0170021
0.0354132
1.05107
57.7141
138.067
152.544
212.963
30.7534
106.389
1.84618
24.2909
31.1669
35.2855
0.767949
0
0.150981
0.372457
2.23402
2.23402
2.23402
2.23402
1.0298
1.54771
1.89113
1.89113
1.89113
1.33018
4.42282
0
0
0.158536
0.158536
0.158536
0.0881273
2.30876
2.30876
0.0982967
0.349984
13.5664
0
0.0514895
0.0514895
5.65462
0.373497
3.45644
4.73119
22.2001
11.9029
6.39728
0
12.4693
3.7262
32
0
1.97415
1.97415
1.23008
38.8428
10.2181
0.142305
0
0.70329
3.5052
0.0254217
6.86346
0
0
1.84538
1.84538
1.76854
1.76854
1.76854
1.76854
0.515836
0.515836
0
0.0455459
43.3465
36.9216
0
0
0
1.27174
1.27174
0
45.929
45.929
1.20924
1.20924
1.20924
1.20924
2.68188
5.16612
5.16612
0.434302
14.2218
1.96783
0.50232
0.50232
6.61917
6.61917
0.545289
5.36733
3.92199
1.62766
0
0.933609
0
0.196548
0
0.620862
5.28157
0
1.43955
20.3154
0.396109
1.38493
0
2.47426
2.47426
1.42131
0.58529
0.593822
117.539
0
0.57601
16.3186
2.55389
2.55389
0.684961
35.7494
0
0
0
0.0374723
0.00831818
0
0.00416359
10.8609
2.12787
0
0
0
0.153909
0
1.70056
0.50373
0.50373
14.1999
0.336079
13.5033
1.10445
6.29458
1.09188
2.84039e-08
12.3988
7.2024
109.832
24.329
0.174833
0
0
0
0
42.6327
42.6327
51.6994
0
13.1916
26.2249
8.48513
8.48513
2.63997
1.4894
11.505
0
0
0
0.416937
0.416937
0.416937
0.416937
0.416937
0.416937
0.416937
0.429087
0.429087
0
0
1.07762e-05
0
44.4739
44.4739
0.98446
17.7168
2.4314
0.905332
0.714046
46.2496
0.110911
66.9059
8.9051
8.9051
2.98744e-09
0.150238
0.150238
9.1541
6.33299
3.04838
3.04838
0.927623
154.972
28.4623
18.2758
3.48415
0.794243
0.118213
0.479824
0
0
0
0.0921014
0
0
0
0
0
0
0
0
0
0
0
0
4.84243
5.76042
10.3683
0
0.128029
2.59932
0
0
9.5443
0.0703092
0.0703092
0.0703092
0.0703092
0
1.06594
3.14151
3.14151
3.14151
0.531752
45.5646
0.254022
21.2186
3.10795
38.8578
5.22694
0
17.7761
0.331916
8.15982
0.547192
0
0
0
53.2237
12.3046
7.10391
7.10391
0.144752
0.418504
0.760741
8.04786e-06
0.71553
7.26133e-06
9.05032e-11
0
0
0
0
0.679789
0
0.327394
0.656294
3.50835
0
0.126169
2.72031
0
104.624
29.5387
0.158758
0.6231
0.00272087
0.580311
2.36956
2.36956
2.00629
1389.27
0.0574868
1.92385
0.0810458
1.49757
29.1876
0.159314
0
2.87519
13.6697
14.3838
8.98599
20.3309
8.52836
0
0
0
0.211886
38.902
13.9235
2.46202
0.23584
0
72.1422
72.1422
72.1422
72.1422
0.450558
141.027
150.015
150.015
48.3204
256.524
0
0
1.0518
22.4859
0.867006
5.3896
0.209017
0
15.4617
11.7349
0.906923
0.906923
0.454015
0.454015
0.454015
0.454015
0.454015
0
1.67368
18.7454
2.03239
117.539
4.21227
0.388768
4.43031
1.65505
7.25325
0.518865
2.79503
25.6356
1.89205
0
13.2896
15.3344
0.129055
10.1873
0.210813
0.356591
1.44218
0.136437
0.542585
0.729926
0
0
0
0
0
0.910779
0
0.417489
0.417489
0.417489
0.417489
9.2264
0.551857
3.85849
69.4501
2.29284
2.29284
2.00908
2.00908
2.00908
2.00908
0.672201
9.13445
9.13445
0
0
113.111
113.111
21.2175
0
0
0
0
0
1.11332
14.2539
1.4246
0
0
0
0.00499339
0.88998
0.88998
0.257016
4.163
0.0848464
0.0848464
0.0848464
9.14161
7.86656
2.31689
3.07171
3.07171
3.07171
0.450681
0
0.247764
18.3209
116.698
7.19408
0
0
0.0445354
0.0445354
0.0445354
0.0445354
0.0445354
0.0445354
0.0445354
0.0445354
1.57725
0
0.171015
5.07847
5.07847
5.07847
5.07847
5.07847
5.07847
5.07847
1.16992
3.54884
463.306
463.306
463.306
11.9849
0.245398
0.245398
0.245398
0.214562
0.0701823
0
0.0636203
0.21617
12.4227
9.96
0
0.197551
5.77347
36.1449
4.27084
5.07787
13.8914
26.2241
1.7184
10.3662
11.8193
7.60569
1.84318
0.103373
0
0.211264
9.02637
1.60704
0.486816
0.506035
0.506035
0
0
7.91641
6.19973
26.7235
154.496
18.3128
1.06561
1.06561
2.05305
2.05305
2.05305
9.43953
8.19505
72.0992
19.4575
784.564
10.6169
2.67837
4.78572
3.94774
0.0796365
8.3889e-06
8.3889e-06
8.3889e-06
8.3889e-06
4.98316
0.0932653
19.4632
7.58625
11.7906
11.7906
2.23622
2.23622
2.23622
2.23622
2.23622
2.23622
2.23622
141.972
141.972
3.50757
3.50757
0
0
0.374779
3.06809
2.29647
0.623968
8.77043
0.526463
0.526463
0.526463
0.526463
0.526463
0.526463
0.526463
0.450237
4.47262
0.407253
0.109413
5.61768
5.61768
5.61768
0.785135
7.57797
10.1208
0.596866
6.2464
0.629336
9.95025
9.95025
9.95025
9.95025
9.95025
1.10987
0.412386
12.6922
0
0
1.3795
1.3795
1.07343
18.1394
2.70315
37.8754
0
366.863
366.863
3.23765
0.534869
0.442698
0.536259
19.4181
0
0
61.1358
52.3361
0
17.3685
0.255161
0.196242
10.6428
24.9302
6.75338
1.25133
0.734446
0.125355
0.125355
0.125355
0
0
20.1013
6.63553
0.0733026
7.77614
0.00207919
0
0.143035
0.281391
4.41028
42.531
0.176879
9.95672
40.3267
0.377005
10.7339
0.156149
0.73869
0.00964603
3.57322
0.0583145
17.4492
0.127025
0.388215
0
0.595493
0
40.9963
0.0567441
26.6111
11.2231
3.51026
10.9679
0
0.889493
3.5841
3.5841
3.5841
3.5841
3.5841
62.1376
6.21185
2.46113
0
4.599
4.599
4.599
4.599
0.356454
13.6317
15.2989
2.66246
3.85416
0
11.5911
0
0.017863
3.40972
0
0
24.9023
0
20.301
29.2963
8.09987
18.4228
11.0946
11.0946
8.20017
1.40805
0
0
0
20.5345
20.5345
0.444727
48.07
5.38815
48.8196
0.423134
0.000796361
0.0142863
41.4338
178.081
14.1426
0.133559
2.92893
0.20203
5.15507
2.78866e-09
0
0
0
0
0
0.0674097
0.176007
0
0.245931
8.36075e-10
0.371059
0.107841
0.10241
0.10241
13.8874
1.88856
0.635358
6.20709
6.20709
6.20709
0.997587
6.37043
0.408495
0
0.199745
0.421376
0.614631
0
0
0
0
0
0
7.29295e-08
7.29295e-08
7.29295e-08
0.0717338
0.0278281
0
0
0
0.0149733
0.0261267
7.22212
0.144227
4.55956
1.07994
3.9521
0.928198
4.69432
4.69432
4.69432
4.69432
4.69432
1.22226
0.517296
0.157164
0.15832
0
0
0
0
0
0
0.00914861
1.99988e-05
0.883955
0.277055
0.872101
0.0180885
1.61067
0.859738
0.354077
0.354077
0.42615
0
0.0237106
17.778
0.057963
0.0690046
13.8923
3.44396
5.15916
0
0.922188
0
0.029666
7.98167
7.98167
0
7.19364
5.93815
1.54705
7.92536e-09
3.27407
3.27407
0.491126
26.6014
0.992596
49.3996
1.49788
1.595
3.17272
0.0820419
5.01964
29.1784
26.8552
2.73194
2.73194
36.4208
3.29252
3.29252
3.29252
3.29252
3.29252
0
0.614806
0.614806
0
0.0478638
1.11187
1.11187
8.69075
8.69075
13.7181
13.7181
13.7181
3.66511
3.66511
3.66511
3.66511
3.66511
1.57038
0.174967
0.174967
16.0301
1.10098
0.289091
6.64658e-06
0
54.598
11.5071
0
0
0
0
0
0
0
0
0
7.66477
8.50564
257.847
257.847
26.4519
26.4519
26.4519
26.4519
26.4519
0.434487
0.264235
0.38115
0.38115
13.3543
13.3543
13.3543
13.3543
0.316127
29.8523
16.8127
16.8127
16.8127
7.15575
2.95937
2.95937
0.446946
0.130598
0
0.344411
4.4781
32.8802
0.325862
1.15218
0.437644
6.06036
3.76484
3.76484
25.1676
1.34354
1.34354
1.34354
0.742125
0.622741
6.16307
0.548936
0.140686
0.140686
0
2.18546
2.18546
0.222325
0
0
0.00868003
85.0042
91.0401
0
9.49178
49.4432
1.1429
1.5946
0
1.5411
0
0
18.412
5.74972
17.9782
17.9782
40.3285
0.156613
0.0470126
13.8628
1.4798
14.247
2.70781
26.5219
0.301964
23.4469
4.68798
4.68798
5.62543
5.62543
5.62543
5.62543
1.13519
5.9701
19.5345
19.5345
5.15874
5.15874
5.15874
5.15874
23.1234
23.1234
23.1234
0
0
1.67103
5.57323
10.391
0.141724
2.59368
2.59368
2.59368
2.59368
0.294844
1.8665
0
0
0
34.9969
26.5281
49.4649
49.4649
104.417
3.04675
0.437037
0.0876247
0.0876247
0.0876247
0
0.0484871
0.000224002
0.352403
3.4239
6.54683
6.02275
16.127
1.2078
1.2078
1.2078
5.8024
0.0369023
2.36936
4.73845
4.73845
4.73845
9.78629
9.78629
9.78629
9.78629
4.14834
22.6711
1.16815
20.7236
20.7236
45.2463
1.41368
1.0172
31.2916
27.9799
27.9799
10.6603
1.20514
0.420972
3.51106
21.9703
1.78362
1.08223e-05
1.08223e-05
1.08223e-05
1.08223e-05
2.25136
2.25136
6.91895
0
0.463353
11.4439
0.2528
0.446897
2.34119
0
0
1.13858
3.698
2.07462
2.07462
50.7048
22.866
15.5887
2.9997
20.0032
0.0828536
2.73495
4.2834
1.71193
0
0.523291
0.523291
0
7.70218
0
0.987808
1.8158e-09
7.34161e-11
0.114218
0
2.16581e-09
0.246337
0
0
0.556663
0.556663
1.64618
23.1999
227.453
4.47934
0.492113
0.492113
0.492113
0.492113
77.3543
27.006
0.354765
0
0
11.8406
0
0
0.112639
1594.79
132.74
0.191548
0
4.38302
0.159963
0.17093
974.493
2.88379
0
2.74642
0
0.65989
0.723219
4.98623
12.7648
20.7432
3.95869
4.68384
0
0
0.177509
5.51669
5.51669
5.51669
5.51669
0.177864
1.1931
1.13077
3.31674
42.7039
7.15947
25.8462
0
144.076
3.20198
0
0
5.68836e-05
5.68836e-05
0.0673516
1.49358
0.071351
1.39769
0
0
0
0
0.996337
105.945
0
0
0
0
0
0.0523784
0
0
0
0
0.0677884
35.3196
0.620569
2.23864
0.172329
11.5438
11.5231
11.5231
0
23.437
0
28.8205
14.8811
10.6449
28.0458
0.428511
2.25088
2.25088
2.25088
2.25088
2.25088
2.25088
2.25088
2.25088
0.414069
0.414069
0
0
0
34.5379
34.1064
2.04692
5.7421
0.913262
181.874
0.235439
2.54226
53.0845
1.28705
1.49279
0
1.06253
0
0.0237106
0.0196018
0
0.0196018
0
0
0
0
0
0
0
0
0
47.5816
0
0.316346
0
0.866756
0.562745
4.81925
1.32229
0
0.337918
0
0
0
0
2.07608
0.566192
1.60482
7.51565
0
0
0
0
0
0
0.0239319
0
0
0.0237839
0
0
0
0
0
0
0
0
1.09162
77.7542
0
0
0.0197528
0.0198548
4.9972
0.104964
1162.29
11.526
0
0.154409
21.376
21.376
21.376
21.376
4.09605
4.09605
16.6283
1.7271
4.28624
5.12427e-10
4.07656
1.88955
1.13157
0
0
0.0810393
7.90763
14.2285
8.03502
8.03502
8.03502
0.441176
0.441176
0.441176
0
0.102498
68.3063
0
0
7.4648
12.6193
38.0029
0
0
0.437463
0.992859
0.992859
10.9085
10.9085
0.157327
20.3572
204.938
0.0962076
0.973693
3.52373
3.52373
6.53453
6.53453
6.53453
6.53453
6.53453
6.53453
6.53453
13.2254
2.48346
56.7524
1.33384
13.3682
568.575
0
12.9762
0
0.162191
0
24.6103
0.651778
0
5.51757
5.51757
35.964
17.0681
26.9731
18.6766
5.94797
6.55693
9.53902
0.425112
0.861069
20.4426
311.67
51.095
1.1463
2.13453e-05
1.09944
129.924
2.41116
0
0.465645
0.710221
0.710221
33.9732
0
66.2796
1.93486
0
0.396495
0
0
1.13486
0
0.942084
14.5134
0.0287647
0.0142682
0
22.9756
25.3602
0
1.38841
4.84035
741.188
741.188
21.1453
0.536443
325.429
51.4172
1.18485
0.721845
2.87468
2.87468
2.87468
2.87468
17.1703
0.281478
0
32.4604
32.4604
5.79106
0.000200729
0.000200729
0.295984
3.69811
11.043
1.75011
1.32365
1.32365
0
0.269644
6.75175
15.6736
14.7935
1.19368
0
0.0781048
7.1161
10.4582
1.09224
19.6959
0.321315
1.86161
1.86161
1.86161
70.3629
12.7853
3.23085
1.37741
0.212152
0.664559
0.664559
0.664559
0
2.43278
0
0
0
0.197227
0
0.049606
0
0
0
1.02184
0
0
0
0
0.265984
3.73479e-07
7.85931e-11
0
0
0.806965
1.09235
0.000252797
8.33315
2.07728e-07
35.6065
19.5962
1.48228
0
18.7028
18.7028
5.72655
18.2104
0
0
0
0
0
0.716162
2.87484
0
0
19.2155
19.2155
9.36121
203.88
203.88
6.10466
0
1.42635
0
0
0
1.32523
0.849296
0.849296
0.849296
0
15.0887
10.4488
0.0215091
0.0215091
0.0215091
0
12.6598
0.870588
0
0
0
24.4161
3.45937
3.45937
0.394724
0.466236
22.46
4.24269
36.8815
1.00676
55.9457
55.9457
8.17757
0.442682
3.98597
0
3.33032
3.33032
3.33032
20.3134
5.71968
248.543
7.37713
7.37713
7.37713
2.42874
0.102089
3.59935
0
0.705864
0
0
1.08947
3.6311
1.38248
0
0
0
82.4256
0
0.763929
2.7373
2.83046
2.83046
2.83046
2.83046
0
6.76774
29.1277
0.00314179
4.13848
0.885883
76.4199
135.36
135.36
0
0
0
0.153247
0.153247
0
9.41508
0.0604319
0.807857
0
4.09108e-10
0.13037
0
0.114871
163.664
4.45819
0
0.096222
0
0
0
0
0
2.69698
2.69698
2.69698
2.69698
2.60377
1.26358
4.80629
0
81.8535
0.219851
0
0
5.73767e-08
0.29584
0.669292
1.39947
0.866973
7.12645
22.7323
1.02621
10.0698
64.1756
1.92944
11.1843
14.702
1.41936
0
0.157559
84.2412
6.86178
6.86178
27.7483
0
38.6364
9.00002
0
0
0
0.308843
0
0
0.00405983
19.1994
2.4361
0.197975
20.2437
27.6993
1.68716e-05
11.9858
2.13069e-07
2.13069e-07
2.13069e-07
0.142991
0.07396
0.07396
3.23953
3.23267e-09
6.45732e-10
67.565
51.8279
4.84598
2.13705
0
0
0.745108
1.96123e-10
1.53856e-10
1.53856e-10
0
0.13613
0.418062
0.124528
0.130694
0.383895
0.524725
11.8004
38.2414
0.312359
3.2045
1.53173
6.49696
0.425991
0
1.11672
0
10.6733
0.239006
0.239006
0.239006
0.239006
0
0
0.376262
1.07396
1.07396
0
0
4.71206
10.4853
2.00052
1.9271
3.35139
20.9574
0
0
18.075
1.68217
4.84384
0.674618
3.26301
3.26301
5.17625e-08
5.17625e-08
5.17625e-08
5.17625e-08
5.17625e-08
5.17625e-08
5.17625e-08
0.236266
0.814423
0.0414668
3.0896
0
0
0.174071
4.23154
0
19.0999
19.0999
0.0900391
0.378547
0.655786
0.102236
1.964
6.35036
3.49314e-06
0.519741
8.58214
3.30542e-08
2.53798e-09
0
0.0545129
0
0.0575294
0.0575294
0
0
1.49336
0.866756
0.844118
1.42827
0
0
0
0
0
0
0
0
0
0
0.399852
0.656677
0.398671
530.174
0.283472
743.78
0.507581
1150.14
0
1.18918
1235.29
1235.29
0
7.48182
111.424
111.424
111.424
111.424
25.4642
25.4642
23.7339
23.7339
23.7339
23.7339
190.973
190.973
190.973
5.00786
4.35992
1.60747
36.5526
11.0301
5.39053
0
93.3619
39.3291
0
5.27441
3.71023
23.0657
0
42.1968
0.269517
29.4643
0
0
18.26
0.440649
0.527708
1.53534e-08
1.53534e-08
1.53534e-08
15.5127
6.19307e-06
0.423145
33.1587
33.1587
33.1587
5.54912
135.804
40.0654
47.6074
2644.58
0.161481
0.186773
0.0485718
2.1023e-05
0
0
0
0
18.0207
197.481
0
0
4.94273
9.1286
0
0
0.533844
0
0.620317
3.65043
3.69184
1.10359
0
55.1606
8.50596
1.67974
1.13458
0.559302
0.365496
0.000150805
1.00199e-05
3.92244
3.92244
6.62161
1.88077
0.0981135
1.39651
2.34737
0.638676
0.0309034
10.3006
3.42436
48.0827
0
0.0403845
6.15362
1.49473e-07
39.9064
1.99098
20.762
0.567672
16.0882
1.67318
2.6978e-10
2.6978e-10
0
0.276269
66.4794
0.203192
19.1698
25.345
0.530967
0
0
0
7.62744
0.899134
59.3386
1.5372
1.5372
41.6675
5.03305
28.546
2.27173
0.0277937
30.7019
2.34679
2.34679
2.34679
2.34679
2.34679
2.34679
2.96945
4.7789
4.7789
4.7789
4.7789
0.163281
0
0.261625
10.2682
0
0
0
4.17816
0.394717
2.08062
1.83704
0.361999
47.2035
3.27032
29.3403
0
0
91.7288
48.9195
1.05053
0.00673077
0
91.26
0.112639
0
4.02222
0.195357
6.85276
18.5057
5.01281
1.25791
1.73073
41.4191
5.07643
11.154
0.495605
0.17503
0
18.845
6.15881
0.163059
0.163059
0.163059
0.163059
6.97666
15.9772
1.34582
1.34582
1.34582
1.34582
19.4375
0
0
0
0.538678
4.69842
0.140874
0.140874
0.140874
300.684
5.20731
0
6.93708
2.7022
2.7022
0.768268
27.1886
6.7728
6.7728
15.7889
0.00025389
1.91667
1.49577
41.9096
6.70459
0
0
20.2474
1.35097
3.15015
0
82.1958
82.1958
82.1958
31.0795
252.996
34.5898
1.06214
0.528764
231.53
15.2269
1.14436
0
0
6.97165
6.97165
6.97165
6.97165
6.97165
12.3254
16.8506
23.0791
23.0791
23.0791
32.2772
7.18912
0.000603059
4.87708
4.87708
22.8597
64.3682
0
0.1929
0.1929
0.1929
0.1929
2.06111
0
0
0
0
0
0.347675
0.837977
0.0238817
28.9511
4.09586
1.44837
0.0475387
39.9905
1.55061
1.55061
0.137679
0.137679
0
0
0
0.027622
0
53.7613
0.850416
8.96931
8.96931
12.27
0.925844
21.668
21.668
40.5352
40.5352
21.3806
1.23785
1.23785
0.274972
0.274972
0.274972
0
8.25665e-06
0.637617
0.359837
9.89795
2.09504
0
0.499016
1.63259
4.20276
0
0.0425738
2.94886
0.0867903
1.59884
3.3062
2.14361
0
0
0
0
0
18.3855
47.8689
2.01078
7.84226
3.33696
0.45067
0.330966
0.313113
0
0.00564735
0.0862577
0.72451
1.51131
33.692
0.190681
0
4.52811
0
0
2.12321
0
0.230309
7.22368
2.67378
0.248737
19.7373
9.47238
0.238865
0.0342756
0
0
0
0
0
0
0
0
0
0
0
0
0
0
0
0
0.162779
0
0
0
0
0
0
0
0
0
0.115709
0.0683989
0
6.0022
23.9012
11.0861
0
6.61428
0.298747
0
0
0
0.0392035
0
0.103428
0
131.982
1.12831
4.87165
0
3.47235
0.0010888
436.245
436.245
436.245
0.60159
0.60159
0
0
5.09832
0.0265781
0.0265781
0.0265781
0.0265781
0.0265781
0.0713517
0.0713517
12.3448
0
2.69511
0
0
0
0
0
0
0
0.0167645
0.0167645
0.0167645
0.0167645
0.726628
0.726628
245.704
1.186
10.1652
10.1652
49.9654
31.9803
31.9803
1.01023e-07
73.918
5.41301
2.15191
3.57217
0
11.1539
4.92142
34.7239
3.38263
0
0.171939
2.10272
0.0348976
0
3.03623
3.03623
13.9439
0
0
21.5198
0.0776452
3.89249
8.88247
1.65845
2.76811
1.09727e-05
35.3614
9.25797e-06
0.0384332
0.113003
0
0
0.47105
11.8834
6.10546
3.40892
10.7229
10.7229
1.45727
7.25346
6.92555
5.27487
0.0802891
1.70329
1.70329
23.7282
6.11835
10.8919
0.9034
11.1103
6.18565
0
26.3149
15.6612
11.0796
0
2.46397
7.05344
0.606023
0.163333
0.682027
0.0560519
1.73319
18.3504
0.0179832
0.0102992
0.00111105
0.000637175
8.71439
3.30892
0.0231977
0.0231977
2.40627e-05
10.6202
10.6202
10.6202
2.1985
85.1992
108.817
1.59211
9.27519
3.1665
0
0.281515
0.135767
5.94256
0
0
0.5977
3.92367e-05
0.12639
0.439526
0.00377353
4.92129
4.92129
4.92129
5.42261
4.41752
21.5273
0
4.49633
11.7385
0.848417
0.848417
0.848417
0.848417
0.620351
60.5728
18.8257
45.8766
0.984629
13.26
13.26
6.04966
1.68487
2.66494
0.0956215
0.0956215
2.56561
0.375461
3.92692e-10
0
3.94065e-07
8.26806e-09
0.000195715
0.188704
0.00418558
0
0.147706
7.87585e-06
0.000341146
0.329123
0.0072916
0
0.0467419
0.00100919
0
0
1.68461
1.68461
0
0.0388524
0.185346
0
36.7352
0
0
0
0
24.9647
0.520253
0
0
1.32036
0
0
0
0
0
0
0
0.190906
0.195555
0.195555
0.283213
1.36978
2.65569
0.480121
0.413103
5.49745
0
1.69223
1.07614
1.10391
0.255035
3.0096
0
0
0.0411116
0
0
0
0
0
1.84374
0
0.971403
0.0581928
0
0.229233
0
18.9641
0.488534
10.3335
0
0
0.0795137
0.0795137
25.7581
0
0
0
0
0
0
0
0.0887059
0.0243566
27.6528
0
37.0304
3.49343
128.316
16.0612
0.407003
3.79586
0
2.15932
16.2307
3.27384
3.27384
3.27384
0.700515
0
42.6163
2.35079
0.198624
1.69315
1.69315
1.69315
1.69315
1.69315
1.69315
1.69315
1.69315
0
2.42518
0
0
0.953608
0.514789
4.94515
0
21.5765
0
0
0
53.8872
2.94852
25.3032
25.3032
0.917588
40.4651
7.89376
0.4742
25.2871
2.21688
0
0
0.245511
35.782
854.452
14.3516
0.276282
21.6325
7.21799
7.21799
7.21799
1.03944
1.96796
1.96796
154.43
0
0
0
0
0.0935369
1.16238
0.0192564
0.280511
0.0198403
0.266517
0.330275
11.5144
0.156312
7.82104
0.102795
0
0
0.244255
40.476
0.0132208
0
17.1712
32.9594
72.4693
4.78626
4.78604
0.924753
0.924753
0.924753
2.76127e-06
2.76127e-06
97.777
40.684
3.72114
2.39695
29.6305
0
146.993
0.11304
0
0.30221
0.0496555
0.0496555
0.0496555
0.0496555
0
1.51153
1.51153
3.68045
3.68045
0.298419
10.7801
10.7801
10.7801
0.936949
0.936949
32.9328
9.11076
5.62893
0.274182
5.71389
1.49489
2.13367
1.97933
1.97933
0.255824
6.89982
0.995868
16.4537
3.33318
3.33318
0.112164
7.31529
7.31529
76.1043
17.6587
0
0
75.6695
2.04227
2.40461
6.24305e-06
0.0323344
0
255.244
7.15828
1.33151
21.1117
7.1751
7.1751
0
0.742099
22.6524
0
31.5901
0.781918
2.47616
13.3885
0
0.915793
0.2552
0.0432849
18.5133
23.7775
50.1828
5.05699
1.8774
10.1807
107.375
5.20391
8.29444
3.31162
0
4.55918
1.85478
0.0605744
3.42733
0
120.603
0.146404
9.07611
0.589793
0.473344
6.22478
0
0.0113549
31.348
0.582941
0.582941
0.582941
3.21514
3.21514
3.21514
0.237504
12.4535
5.66945
26.51
0
3.53018
3.17165
7.12816
1.14634
1.14634
1.97463
14.1109
0.383014
0
7.15285
0.805654
0.805654
0
0
0
0.438463
0.201587
0
0
2.16801
2.95327
0
5.26401
0.193801
0.0691379
5.66272e-09
0.0258632
8.35452
10.3304
5.29913
24.712
21.4756
21.4756
19.6619
19.6619
19.6619
0
0
0.149936
0
0
4.34536
4.34536
1.31975
1.31975
1.31975
5.66113
0
0
0
0
0
0
0
9.8232
31.7503
0.0106377
0.284853
11.8665
119.272
0.875763
17.2576
0.0452857
40.6504
3.54924
0
0
0.1188
0
0.0299058
9.3733
2.35203
6.08837
6.08837
2.35263
4.57025
0.376396
0.741511
0.0011396
0
53.6676
1.25356
0
228.025
2.22741
1.45097
9.89527e-07
35.0152
40.3021
1.06407e-06
1.06407e-06
2.53037
0.853171
0
0
0
25.4419
10.4964
5.71953
2.31153
66.5229
0.572754
0
0
2.56624
3.7446
5.05935
0.0555881
0.0555881
0.0555881
0.0555881
0
94.3424
0.581822
8.47099
0
0
0
0.0800335
0
0
79.2302
523.169
0
0.502981
0.502981
29.4626
7.43821
43.4268
0.301631
1.54953
0
0
22.9151
0.24973
0
2.20231
2.20231
0.0450583
0
0.0964995
0
5.86109
0.51279
0.443055
267.072
0
3.28723
0
0
0
0
0
0.225454
3.37304
3.37304
0.0685511
1.17189
31.0899
0
4.31763
14.7251
14.7251
14.7251
14.7251
14.7251
14.7251
14.7251
0.939451
0.939451
12.6591
1.04866
32.5083
13.6508
6.19628
0.0535261
0
0
0
0.288454
0
0
0
0.0218888
0.0218888
0
0.114205
0.287328
20.1707
0.520206
102.299
6.09916
6.09916
0.259522
0.000128685
0.000128685
0.000128685
0.000128685
0.000128685
0.000128685
1.00587
2.0558
0
0
0
8.73614
8.73614
225.609
10.4494
0
8.41877
0.0281543
0
0
0
12.7071
12.7071
1.60775
1.74082
0
2.23247
1.95134
84.79
0
4.24854
22.6312
0.436234
164.586
164.586
7.03783
1.46023
1.46023
5.96827
5.96827
5.96827
7.36308
8.5647
20.4195
2.87768
2.24923
1.83368
0.222837
1.33885
0
4.59368
2.26647e-06
3.81156
0
9.86289
4.58183
14.3855
1.66671
1.66671
1.66671
1.66671
4.32704
0
24.284
24.284
10.7679
0.366645
0
19.8856
0
0
0
0
0
0
0
10.9623
10.8343
2.45586
25.178
1.13396
1.84461
0.119363
20.3514
20.3514
20.3514
62.4241
0
81.2476
14.5266
1.90788
0.0273144
0.0273144
0
0.0169348
2.12604
18.0282
7.03907
0.821979
0.248618
0.248618
0.248618
0.248618
11.2819
0.379369
0
4.46607
5.80265
5.80265
183.665
63.3909
0
1.91766
0.353896
1.04565
4.20899
4.90987
28.9707
1.14876
3.08144
2.71525
0
0
0
0
1.81955
35.2342
18.8452
18.8452
11.8277
11.8277
0
4.95982
0
0.334365
0
0
3.78326
0.788441
0
0
0
0
8.41339
0
0.325071
0.0733595
8.41786
0.723482
0
0
0
0
0.230365
0.0339292
37.7201
61.1739
2.19354
0
0.326449
0
0.127165
0.466812
0.161868
24.611
45.7275
0.412119
1.54908
1.54908
10.9772
0
0
0
0
0
0
2.50453
0.17169
0.833324
10.3875
5.30165
0.0906508
0
25.8822
0.0937496
1.13444
0.0733595
0.0733595
0.160067
26.9063
4.02335
5.57799
5.57799
7.60768
16.8801
0.952384
0.152595
0.598508
17.3836
14.8
56.4764
48.9555
0.037853
0.037853
0.037853
2.91661
2.91661
2.91661
638.124
0.481592
0.481592
0.481592
0.481592
86.1934
155.6
91.586
131.403
162.243
320.474
610.86
0.308341
212.631
127.479
102.943
513.316
85.2478
0.01179
0.01179
12.9959
10.863
3.92651
0.805908
0.805908
0.805908
0.805908
0.805908
0.805908
0.0899098
12.9836
0.781856
16.9562
2.46831
75.1214
0
0
0
0.806084
0.0921526
0.0921526
0.0921526
0
0
51.4459
22.3443
0.397761
0.397761
0.397761
111.233
111.233
4.31117
4.31117
4.31117
0.185685
0
0.0425773
0.602879
4.82588
4.82588
1.52819
6.28917
0.845288
0
0
16.7704
2.80233
60.4751
69.1994
136.477
223.796
202.256
24.9578
2.18806
0
0
0
0
0.0307175
306.532
217.137
217.137
0.711069
3.38158
5.83467
1.49489
25.5544
0
2.00069
2.82621
0
1.12522
0
0
71.2613
0
0
0.180697
16.8847
16.8847
0.269633
15.804
0.440573
0.206788
0.317936
318.315
318.315
43.8888
4.32462
4.32462
4.32462
4.32462
3.7738
3.7738
3.29376
0
0
3.73526
71.2298
3.19563
12.4195
5.71516
7.22338
0.451743
31.731
28.2849
13.5809
35.6221
0
3.76055
5.14962
0.555444
0
0
19.1827
6.23753
2.98253
0.981136
1.20789e-09
12.6239
1.06076
0.641653
0.641653
0.641653
0.641653
98.9422
2.27945
115.154
0.453924
0.216429
0
0
0.552085
2.91604
3.13612
1.80581
0
1.72165
0
0
0
0
0.0445694
2.78424
2.78424
2.78424
14.5536
5.73496
2.72325
2.43284
15.4729
0.020475
0.020475
0.000918645
0
1.57345
33.4548
1.52445
0.424484
0.424484
0.424484
0
0
0
0.47834
0
0
0
0
0.560289
1.99813
1.12737
0.693916
0.693916
1.47045e-07
1.47045e-07
0
1698.97
2313.39
0
0
0
0
0
0.0148662
0
0
0
0
0
0
0
0
0
0
0.0111897
0
0
0
0
0
0
0.844073
0.17966
4.93675
0
0
8.91977
2.27462
1.3989
10.6548
1.0567
127.639
29.2475
21.8014
5.98002
10.0735
2.0966
0.834985
43.0353
13.9232
4046.08
188.252
0
0
36.878
2.37895
3.114
5.796
35.0312
24.5071
10.1352
10.1352
7.58435
32.9302
0.0563914
1.88097
1.88097
1.88097
0
0
0.627581
0.959775
1.37808
0.0329548
11.2951
0.513416
1.15845
0
0.684381
1.26365
1.26365
1.26365
1.26365
1.26365
1.26365
15.7474
0.135049
13.6791
1.79486
5.02824
0.232211
0
13.5287
28.0796
18.8629
109.27
0
1.2283
2.35983
2.35983
0
75.9947
1.20843
1.20843
1.20843
2.71301
24.474
8.71695
0.00101932
20.6543
1.9786
3.85802
0.00098703
8.14027
1.6376
26.2162
0.746947
0
0.777494
0.0934604
19.893
8.67714
1.73257
2.60249e-08
0.350264
21.4405
5.06402
1.81123
1.37016
24.3947
11.8717
7.09449
5.48395
0.0691021
4.13037
0
1.58377
1.26526
15.3579
0.000552615
0
0.424834
4.55472e-08
5.99317e-11
1.21696
0.509177
0
0
0
0.0466306
0
0.590923
0
0
34.2184
4.9701
4.9701
32.9579
3.83069e-07
9.07272
0.674466
0
0
0.975304
52.9899
12.8112
2.05668
5.66361
86.3155
86.3155
12.5623
18.7936
18.0599
18.0599
0.736283
25.7503
43.4675
30.1163
0.0666732
0.142666
5.30003
3.95332
0.19903
0.00154936
0.0125508
4.15392
23.2163
1.12265
25.4521
0.135022
0
1.44988
0
0.036049
0.00103795
0.856004
0.165466
8.36099
82.2591
6.2458
27.6591
0.0929037
14.4107
7.59046
1024.82
15.6881
15.6881
11.3565
20.2403
3.14494
3.14494
3.14494
0
0
0
10.2023
0.824914
93.084
9.16679
2.91215
2.91215
3.08176
3.08176
5.55809
18.6371
0.0598105
0.0168842
0.0765597
21.2645
0
0.487927
13.3183
30.5381
7.78077
6.92462
0
0.567853
0
1.32665
11.5464
2.23328
1.72544
0.835931
0.835931
0
0
0
5.05119
0.596207
0.536023
7.77139
0.0540383
0.0540383
5.4747
0.76331
0
9.15212
27.3094
4.90387e-09
0
0
0
0
72.1682
11.3924
12.4337
1.6928
1.27191
16.4169
0.773728
0.3213
21.7262
8.80162
0
0
0
24.2589
3.91506
16.5189
15.1208
6.20963
1.66114
2.97644e-06
92.4802
0
1.82736
3.1302
29.9322
16.0487
25.075
1.49971
0.116896
8.38087
3.106
4.92327
0
285.354
0
73.0153
4.59994
31.2814
86.7261
4.20722e-10
32.6276
1.8224
0
85.7767
61.2414
2.23633
0
12.4441
1.71096
20.6016
11.3433
11.3433
11.3433
0.498588
9.25451
0.0390278
23.3155
0.0686151
0.0686151
98.3064
0.961481
1.01437
31.759
5.91671
9.62569
13.8907
8.45483
1.37765
5.33751
0.12077
0
4.7574
0.795965
10.8737
8.27258
2.43041
1.17368
0.574057
19.5907
0.553857
3.47897
3.47897
3.47897
3.47897
34.0654
34.0654
34.0654
15.6839
1.23289
0
0.31266
0.114268
1.8471
0.166643
29.4754
1.37647
6.57788
16.7799
29.427
70.0541
0.021166
0.44213
0.460489
38.1023
1.58774
1.58774
1.89721
0
0.0483239
0.0483239
0.0483239
0.0483239
0.0483239
0.0483239
0.0483239
0.0483239
3.57924
0
0
2.99093
0.359424
2.66543
0.83078
0.83078
0.83078
17.1022
15.5207
24.6768
0.0276145
0.00132647
0.0166492
0.673237
6.18866
0
2.61555
2.08338
0.000802546
0.000802546
2.67854
1.00499
1.15047
0.135149
6.0032
0.693977
9.70788
302.204
11.0072
11.0072
0.161703
3.69223
23.3723
23.3723
3.25102
4.31098
6.44508
0
0
0
3.36165
1.23922
0.813272
0.813272
0.813272
1.86409
62.3159
5.0588
4.14992
0.909402
41.5415
0
63.2481
11.7818
360.656
39.2778
0.70739
0.70739
72.7395
45.9301
0.209243
0
87.3897
7.90584
0
15.3106
0
4.94927
0.42146
0.42146
0.42146
0.42146
0.47226
5.69637
3.61416
3.61416
76.6911
34.7291
0.801378
9.88937
0.201304
2.68325
0.400519
5.01908
0.328086
4.10687
0.358468
4.58941
0.0702484
0.0524065
3.89694
3.89694
0.970764
0.970764
0.970764
0.970764
0
1.67361
0.248286
27.4184
5.13303
23.189
5.48183
0
205.521
11.8886
208.507
0
0
7.22775
57.9837
37.0923
0
0
0.459427
0.0387603
14.1875
18.9343
0.0866583
1.15728
0
0
13.2472
0.0907801
3.65524
19.5018
1.18546
17.1532
10.1043
0
0.449751
0.159314
0.159314
0.0774206
2.32437
0.178116
8.1379
10.7271
15.9983
223.989
11.8304
0
11.0444
0.077262
23.1203
23.1203
3.88172
44.7056
0.0970262
0.187304
0
0
87.9402
0
262.198
89.587
0.0962673
0.0687989
2.30839
2.30839
2.30839
7.49227
1.85897
26.0303
0.255962
7.5946
2.99066
109.247
6.74179
6.45492
1.94616
1.94616
1.94616
1.94616
1.94616
7.68004
7.1064
8.30095
0.636596
33.6085
236.794
11.9274
2.40564
0.0928349
0
1.27925
24.6059
0.403845
2.33945
0
3.99976
3.99976
0
0
0.556576
11.1348
11.1348
11.1348
11.1348
11.1348
4.63894
0.360277
14.677
24.5259
1.129
8.99853
8.99853
2.09888e-07
2.86365
0.133498
0.120927
5.21226e-08
3.99941
1.91083
0.855195
0.0131799
0.0131799
0
0
0
0
0
0
0
0.834691
0.111779
7.25307
7.25307
6.04021
0
0
0
0
10.0107
38.7163
0.798139
0.798139
0.798139
0.798139
0.0850668
3.75517
0.807827
0.807827
15.4398
0
50.7066
1.62793
1.01704
0
1.57192
0.181213
9.35456
2.39557
16.826
1.39719
0.415899
0.415899
0.415899
13.358
0
6.18693
7.99856
2.08297
2.08297
0.0464195
14.1162
2.27568
0
1.26346
9.63337
0.202769
25.564
0
1.2935
7.11692
41.4586
1.29664
1.92302
0.00135539
0.569838
0.029939
7.27868e-09
7.34544e-09
0
67.7259
0.0301983
0
0
0
0
0
0
2.89641
1.38707
12.0047
0
0.260268
0
0.306922
17.0428
184.098
0.331787
17.5109
14.2533
0.196593
0
0.0419854
1.52476e-08
1.52476e-08
2.59113
2.59113
3.66809
51.2472
0
3.93508
12.4272
6.50249
4.08548
2.2381
10.3033
5.13193
5.13193
2.75705
2.75705
0.235609
0.212479
0.0688733
0.022412
0.022412
0.0354949
4.4287
4.4287
15.8726
15.8726
8.78222
86.7087
15.8641
670.323
0
0
13.3957
92.7124
4.54564
1.05022
28.695
3.18984
0
2.31567
2.31567
2.31567
1.73465
3.23907
0.548543
0.548543
0.548543
0.548543
0.548543
0.423647
0.609371
24.1573
21.0394
21.0394
21.0394
242.378
0.149039
0.853011
0.902786
4.69759
22.6254
13.8792
0
0.817643
0.572964
0.941429
1.83787
0
8.59283
0.0952464
0.0952464
1.40043
12.3198
0.632318
4.15594
1.64406
0.344699
10.4144
15.1416
0.788231
3.14932
3.14932
0.421851
0
6.04949
1.03454
1.42148
1.03975
1.03975
0.793085
1.45674
0.706432
0.542993
0
0.620229
0.443103
0.351424
1.79124
1.79124
1.79124
30.4796
1.75155e-05
0
0.24191
2.7519
2.5882
16.0067
16.0067
33.306
0
0
0
0
0.165094
0
35.1317
45.1498
18.6801
0.0400081
0.706312
0.0858113
1.36959
0.563035
0
0.0304963
0
0.447595
14.372
28.1325
0.63657
0
0.265502
22.9081
0.123903
0
0.416247
2.45958
3.10166
23.5207
4.09575
8.90795
30.7198
0
8.99156
58.5223
0
0
0
0
0
0
24.3401
1.4137
0
0
0
0.023875
7.63493
13.3576
0
0.973746
2.99211
1.69746
0
2.6969
0
0
0
0
11.8349
11.8349
3.26143
12.029
20.828
0.958835
1.62195
0.291877
0.233455
0
0.335943
1.46496
0.120563
1.1009e-06
0.159934
1.17232
0.676558
1.51259
0
35.1069
5.2192
7.3129
34.6182
18.4439
0.66697
0.0866694
0.0693355
0.104003
0
0
0.076885
0
0
0.0775217
0.959263
0.00758261
0.0702203
0
257.383
4.23517
4.23517
0.314305
12.5634
11.0813
7.02716
3.86148
0.812427
0
12.1435
8.44901
10.6085
0
0
0
0.0261267
0.0851988
267.668
256.898
0
0
0.31574
0.31574
0
0
0.176945
0
0
0
0
0
0
0
0
0
0
0
0
0
5.76734
107.334
47.8605
0
0.0290109
9.83658
0
18.7178
4.86826
5.69944
2.16716
12.1421
240.125
281.802
48.7623
117.066
40.4732
0.0847544
0.0897619
0.0263054
0
0
0
0.0124181
0.0491022
0
0
0.131346
0.186499
0
0
0
14.8614
0
0.167348
17.5995
0.416567
0.325777
0.325777
0.0642211
1.18032
3.21643
0
24.2793
0.433286
0.433286
2.3565
0.865936
0.865936
3.63114
0
0
0
0
0
0
0
0
0
0
0
0.0179976
1.26318
0
0
41.212
2.54177
3.72144
0.225611
0
10.434
12.2607
4.93234
0
0.978532
17.6885
0.102558
0.0253923
51.8237
9.83826
0.71997
0
2.351
8.16882
8.56937
6.93852
33.6772
0
0.552564
0.211818
0.858007
24.0878
0.112584
1.98673
8.73272
0.363543
6.80769
2.69868
36.9142
0
0
0
0
0
0.0815234
0
3.95561
3.62078
0
0
0.0893347
30.4323
4.1935
25.1418
3.57515
0.0363802
0
0
0.118902
0.250663
1.70538
4.86393
3.638
0
0
25.5303
22.0148
0
0
2.65566
0
13.2259
3.41258
3.41258
3.41258
23.9572
41.4297
103.445
2.52863
0
0
0
0.560368
0
0
0
0
0
0
0
0
0
0
0
0
0
0
0.292782
9.49951e-08
0
0
6.64377
0.117851
0.248795
18.5261
0.536144
0.382367
0
18.8161
1.08285
0.00123744
0.0162669
4.45867
4.45867
9.54232
17.8028
0.928077
64.5542
54.884
5.48753
0
0
3.92124
3.92124
3.92124
13.707
0
0
0
2.52461
11.6889
0
0
3.62341
0
0.632502
32.1507
4.76894
0.637647
0.637647
11.5172
159.786
25.7308
25.7308
0.0578622
10.4656
10.4656
0.134865
0.134865
0.134865
1.29824
6.58566
0.208925
7.86198e-08
10.9345
6.3876
0.0730124
6.51552
11.3968
0.436604
0.365345
0.130474
0.199858
0
1.19007
64.2043
3.42201
17.004
2.69307
35.7623
0
0
2.88065
2.88065
0.063498
0.355999
0
0.3282
0.290613
9.96586
2.32505
0
0
0.0582553
33.2738
90.3033
90.3033
90.3033
9.91649
0.239352
5.07081
29.6725
3.2374
42.2311
0
0
0
0
4.43252
29.1554
20.5972
3.69525
493.441
1.1773
1.1773
1.1773
1.10888
1.05967
28.0668
27.7038
23.1368
0.622503
0.622503
0.567597
0
6.38921
1.41122
1.41122
0.561125
48.9415
97.5355
0.64986
1.44956
6.20174
6.20174
46.8056
0.03474
0.0106008
0.00376399
0.0413532
0.000601117
0.0594841
4.34066
5.84575
0
0.170738
32.7266
0
14.6835
0.430752
0
137.08
34.8524
59.7065
29.053
7.43421
7.43421
4.40043
4.40043
57.7995
114.835
13.2584
41.9573
41.9573
12.5931
3.71641
1.50262
2.01645
22.4942
0.0960922
1.05175
11.9722
6.58004e-09
6.58004e-09
6.58004e-09
6.58004e-09
6.58004e-09
6.58004e-09
6.58004e-09
0.164555
0
0
0.764397
2.32223
0
0
1.01904
2.95182
2.22056
1.35802
26.2191
197.449
0.536854
7.38634e-09
15.2244
0
0
74.7681
20.838
0
0.0706959
13.3161
1.72722
4.53027
0.193959
5.02815
0.217546
12.0473
0
16.4757
0
0.000491564
0
1.89658
0
0
0
0
0
1.39383
0.66006
0.66006
0.66006
0.0767387
0
0.0154501
0.0800335
30.6258
1.45814
208.105
19.5879
0
73.8201
0
0
0
11.0974
5.26824
82.6378
777.089
70.1636
1.99007
2.19161
23.7726
19.0663
0.535466
6.37778
6.37778
6.37778
0.554061
0.554061
23.4302
3.83743e-07
62.8349
24.5754
18.7404
18.7404
18.7404
105.11
6.53114
6.53114
6.53114
6.53114
21.4245
1.00984
1.00984
0.903036
0.0761854
0.0761854
0.0761854
0.0761854
77.1647
48.4362
0.0218888
26.608
0.742165
0.742165
1.67811
1.67811
38.2656
0
0
0
2.19094
0.395546
0
0
0
0
0
0.0515504
0.0185612
0.226896
12.7352
0.652247
9.02085
0.453182
125.786
3.68228
0
0
2.45954
2.45954
9.21664
45.175
0.36304
2.52763
33.2579
8.85909
118.423
13.0899
0
18.5684
0
0
615.975
10.1428
6.97866
2.62374
25.2187
6.14423
6.14423
43.5067
9.07036
4.34887e-08
4.34887e-08
4.38945
4.38945
0.0715781
0.0715781
0.0715781
0.399678
18.7095
90.0572
1.27618
4.1248
4.46926
0.0533855
16.452
0.210762
8.7343
8.7343
0
0
4.04695
4.04695
4.04695
0
0
0.0360407
0
0
0
0
4.33119
13.7859
4.57691
0.483515
15.1445
0
94.6587
6.83829
97.9035
169.369
169.369
36.8692
36.8692
36.8692
5.28921
0
0.882935
0
3.6215
0.281218
0
6.62475
0
0
0
7.00476
0.82484
0
0
0.239631
11.7062
0.594997
0.594997
1.80223
4.66242
1.83422
1.83422
1.83422
133.929
24.1806
2.63392
5.53882
2.82057
2.92813e-05
11.8955
0
0
0
0.0308407
4.41974
4.41974
21.2263
1351.46
21.2344
0
0
0
0
45.2728
0
0.720302
2.72988
1.68301
15.5353
1.04815
1.6923
0.975835
0
0
9.99556
11.9827
9.91587
62.2395
62.2395
32.9085
1.45873
1.43401
0
2.61701
7.43769
7.43769
7.43769
7.43769
0
40.1123
27.3594
17.0577
17.2003
8.55982
8.55982
3.99634
14.5868
10.149
10.149
10.149
10.149
0.162169
1.59579
4.41443
93.2892
8.19847
6.89277e-07
6.89277e-07
6.89277e-07
8.03992
8.03992
8.03992
8.03992
8.03992
0
0
10.4957
12.9091
28.6722
0.611714
14.708
0
32.7612
32.7612
252.048
0.0439747
0.0439747
0
5.87231
0.0780928
0.0923486
0
14.747
0
2.17448
46.5956
0.930088
0.930088
1.90244
0
0.67444
0.67444
7.22314
7.22314
43.3471
3.87977
262.746
57.7957
22.0254
0.811254
0
42.8584
0.109746
0
0
0
0
0
0
0
0
131.381
16.6008
43.0145
0.18372
0.783365
0
0.826597
0
1.51697
1.51697
1.51697
1.51697
1.51697
0
0.0858548
0.246556
0
0.200226
24.014
0.578707
0.578707
1.50985
0
9.01215
15.6741
0.434492
0
0
0
0
0
0
0.0655204
1.38086e-05
4.44918e-08
0
0
0
0
0.660285
0.076037
0.738461
5.64228
5.64228
29.5507
0.00133936
35.1727
1.90716
247.949
8.19563
36.5246
15.2478
2.39592
2.41544
3.47215
3.47215
0
0.930444
11.2382
0
9.63277
27.5394
21.7446
0.013391
0
0
0
40.286
22.8243
14.1464
0
0.744781
0.744781
0.744781
0.744781
64.1966
0.892524
0
0
0
0
4.12523
5.22554
0.0950246
0.123019
0
14.5952
8.31259
0
0
0
0
0.0130724
0
0
0
0
0
0
0
0
0.199119
0
0
0
0.238913
0.062159
0.31225
18.7192
5.40903
52.0539
43.9826
11.457
15.9646
56.1516
0.239375
0
0.91183
0.342234
0.0673516
0
131.147
131.147
26.85
1898.31
1438.76
1438.76
398.035
0.454518
0.103107
0
1.22246
30.7369
15.1261
25.5795
16.9792
24.4658
38.2614
22.6032
29.1588
29.1588
29.1588
29.1588
11.3056
2.37888
15.9628
15.9628
15.9628
11.4678
0
22.3978
0.419218
6.20852
6.20852
0
1.53647
0.319894
15.8788
94.9119
0
0.373633
0.5715
2.9724
0.51422
0.603393
0
3.18502
0.145461
0.115059
0
0
0
5.20624
5.20624
5.20624
0
1.70626e-09
0.199197
0
4.56449
12.4738
0
0
0
0
0
0
0
14.074
0
0.667447
0.2756
0.0517046
0.46203
1.0879
1.0879
0.062611
13.2935
0
1.98627
12.6268
0
0
0
0
0
0
0
0
0
0
0
0
1.57241e-10
0.161169
6.66688
0.692364
0
0.509345
0.509345
0
0
0.063021
0.137392
26.6952
0
3.20248
5.81342
0.76393
0.76393
0
0
0
0
21.3864
2.11216
0.208866
7.08637e-06
7.08637e-06
7.08637e-06
0.530144
0.0115759
0.0115759
0.0115759
0.0115759
0.0115759
0.0115759
0.0115759
0.0115759
0.0115759
0.0115759
0.0115759
0.0115759
0.183911
0
0
0.0385659
1.90157
51.1899
1.21391
13.4551
7.93307
7.93307
0
0
0
0
2.29132
0
0
2.28529
1.4838
20.1393
20.1393
20.1393
20.1393
11.735
2.50081
2.82184
21.2221
0
0.0901929
0
0.247059
0.158173
0.0579507
0
0
0.220431
0.0846239
0.679139
0
18.5073
1.14299
0.67646
50.3096
17.0909
17.0909
17.3598
9.33609
1.30885
0.0326337
0.635313
0.464957
0
0.10717
0
0
0.281567
26.1742
0
0
0
0
0
0
0
0
0
0
0
0
0
0
0
0.908299
1.10282
10.4059
1.33331
0
0.0494163
9.662
59.7092
3.23407
5.50612
0.302408
0.302408
0.302408
0
0
0
0.0104905
0.0104905
0.0104905
0.747684
143.576
675.32
76.5981
1.45483
1.45483
6.64595
11.5145
11.5145
0.156921
0.156921
1.12132
0
0.118019
0.150994
0.173214
6.84078
3.19204
52.4965
0
0
2.13977e-09
0
0.0197809
1.31767
8.39079e-09
9.04759
9.04759
9.04759
9.04759
0
0
0
0
0.0197453
0.0197453
0.0197453
0.0297899
1.68958
12.5154
0.021794
1.28387
1.28387
1.28387
3.06363
0.811884
2.18411
0
0
17.365
0.755734
2.72281
6.9088
7.40885
42.135
0.00863947
0.227067
0.164713
1.26498
1.26498
1.26498
0
0
0.504491
0
12.9508
0
0.190359
0.232236
0.576161
0
0.177972
0
1.20183
21.6577
56.3299
56.3299
0.210728
0.220235
0.314821
0.542395
6.40901
0.496908
0
0
27.8974
1.19234
6.88909
0
0
18.4926
0.015402
2.82784
0
7.38389e-10
5.89992
0.158966
0.300786
0.42866
1.53786
1.53786
1.53786
0
124.621
20.7831
0
1.3589
37.3201
12.6005
3.89775
3.89775
5.95422
5.95422
5.95422
1.21989
0
0
0.679558
19.9289
0
0.0459
281.401
0.0938562
0.686603
55.3054
6.38962
14.2727
14.2727
14.2727
14.2727
0
2.89576
9.20123
2.53836
90.9199
3.26102
0
1.17671
7.85294
7.85294
0
6.31049
9.9772
0.266952
0.266952
0.0166344
40.7457
40.7457
0
34.3228
3.08185
0.545905
8.77583
0
0.654843
0.187606
0.0929522
0
2.08321
2.08321
0.28467
31.7238
11.7219
7.09145
4.72021
1.16658
1.91346
0.137421
0.137421
1.96933e-10
1.13234
0.901498
1.21268
0.381328
0.300517
0
0.0714846
0
138.169
6.06744
16.6894
0.585104
1.12465
0
0
0.0944646
0.375514
0.375514
0.375514
0.472841
19.2252
2.91528
1.01492
0.72001
0
0
1.40746
0
0
0.130579
3.25039
8.31947
8.31947
8.31947
8.31947
0
0
7.73739
15.6607
0
0
0
0
12.3108
0
3.05383
3.05383
2.16013
0.0130946
0.0401736
50.8581
4.40596
4.40596
4.40596
29.1186
2.85081
17.1591
1.33753
5.89787
0.485076
0.485076
0.485076
0.485076
0.481561
26.594
26.594
26.594
3.82583
35.4634
27.6809
7.78863
195.682
18.9072
1.63206
0.0932652
0.642939
0.0247535
0.193174
0
1.49336
0
0.576164
0.0619227
0.0619227
0.0619227
12.2753
0.928807
0
0
30.5878
0
0
0.905266
0
0
0.104683
2.29794
0
6.47696
55.9258
14.1635
14.1635
0.2477
0
30.9454
10.1254
0.64046
4.7309
3.10081
0.000303801
4.98626
0
0.145271
0
230.281
120.452
1.00916
1.66476
2.04863
7.87602
7.87602
1.42594
27.5261
0.67739
2.72105
1.90581
0
0
0.272503
5.97814
4.86143
2.56575
0.153008
0.0836809
16.308
4.12056
3.50275
4.74971
1.6186
10.8895
3.35095
0
0
0
0
0.449331
6.41084
2.14587e-05
1.04966
1.06663
0
3.07748
4.35914
0
0
0
1.20348
1.20348
1.20348
1.20348
1.20348
1.20348
1.20348
1.20348
1.20348
1.20348
1.20348
1.20348
4.00147
25.1148
234.781
4.8353
1.08766
18.286
0.413979
5.99637
6.78133
0.753732
15.3294
24.6625
24.6625
0
55.7739
0
1.42387
0
0.118962
0.212209
1.57733
7.71318
0.157549
2.68293
2.77673
30.4727
0
0
1.1968
0
0
7.7693
7.7693
7.7693
7.7693
7.7693
2.42341
3.7425
1.9262
14.9666
0.902266
1.93352
0
0
19.0624
0.573462
0.573462
0.573462
0.0941099
0.501211
0
0
31.8965
46.3633
5.0919
5.0919
5.0919
9.3737
9.3737
23.5596
1.02877
0.419268
1.39108
2.86704
0.797871
0.797871
4.12706e-05
0.0590759
0.0284456
0
0
5.03505e-05
14.9862
1.36015e-06
0.155641
1.27584e-05
16.1238
0.452788
0.452788
0.452788
0.452788
0
0
0.997171
0.997171
0
0
0
0
56.6704
21.6423
0.576652
180.672
8.95078
8.95078
8.44594
12.3251
1.91858
13.1768
0
0
6.10317
0
0.0166058
0
0
4.58254
3.73145
8.55349
0
0
0.137102
12.8337
0.487036
0
0
4.074
133.496
133.496
1.80039
0.0928317
0
102.142
262.842
1.98342e-05
1.98342e-05
1.98342e-05
1.98342e-05
1.98342e-05
1.98342e-05
3.83068
26.5527
4.45236
17.7856
17.7856
2.68405
0
0
0
0
2.2709
2.4426
1.13678
18.5121
0
0.355973
0.355973
0.355973
0.355973
0.473358
6.23914
6.23914
2.54736
17.0626
0.727706
9.87651
1.34597
76.7352
41.2618
15.6181
6.12762
9.23266
0.103384
0.103384
9.92936
9.92936
9.92936
9.92936
10.7222
10.7222
0
0
0
0.547066
2.90655
0.398984
5.31487
33.8984
3.96214
1211.33
449.042
0.0639624
86.6055
6.24079
6.24079
44.5735
7.33563
0.437331
1102.71
3.08784
3.32163
0
0
0
10.1516
146.378
0.490878
0.567491
3.61178
1.63212
0.284689
0
0.133105
12.5082
0
5.35396
5.35396
5.35396
5.35396
3.73551
19.9562
7.26974
3.28913
3.28913
3.28913
44.3776
72.7127
55.8365
1.56129
9.01291
742.769
1.54909
158.454
1.18734
9.11689
5.15223
0.300039
13.1165
0.0701133
8.1009
0
0
0
0
0
0
0
0
0
0
0
0
0
0
0
0.0691676
0
0
0
0
0
0
0
0
0
0.138335
102.741
726.722
0.103751
0.138335
0.103751
0
0.03474
0.968346
0
0
0.03474
0
0
0.235731
0.30848
0.10192
0.0333835
0.0333835
0
0
0
0.0673516
0
0
0.0345838
0
0
0
0
0
0
0
0
0
0.0342756
0
1.76226
0
0.20002
0
0
0
1.17718
1.17718
1.17718
23.2598
0
10.9097
10.9097
10.9097
1.60046
1.60046
1.60046
1.60046
1.60046
1.60046
1.60046
1.60046
1.60046
52.8557
5.37819
0.648114
0.0402633
0.0402633
1.86986
109.697
0
0.628795
0.862922
0.40204
0
108.228
7.23287
7.23287
47.3512
13.5203
0
0.05575
0.00304751
0
11.4081
11.4081
11.4081
0.997254
0.997254
3.87627
3.85193
0
0
0
0
0
0.899962
1.80443
24.8662
126.833
109.041
109.041
0.228714
0.228714
2.24924
1.32777
1.32777
8.89678
1.18773
0
0
3.16291
13.9035
2.92415
0
0
4.45445
0
28.3633
11.118
89.9487
42.0126
54.9369
19.7999
11.6891
45.0682
59.5438
17.0962
52.3204
1.00215e-07
1.08201
3.76225e-06
4.19734e-07
1.46889e-07
0.000117492
1.07218e-05
0.641159
4.78509e-06
4.78509e-06
4.78509e-06
1.38172
67.6417
0
0
0
0.016743
36.3385
8.71513
0.0477153
22.564
0
38.0082
45.0264
1.98967
1.98967
1.98967
1.98967
1.98967
4.50219
9.97694
0.312566
3.58462
3.58462
8.47435
3.84976
6.55026
11.2291
33.2063
4.92321
4.92321
0
0.210806
6.52241
2.67479
2.67479
2.67479
0.0534892
352.259
44.4708
49.538
115.332
85.801
164.119
0
0
0
0
0
0
0
2.73367
0.206991
0
0
0
0
0
0
0
0
0.0935358
0
0.11569
0
0.0178712
0
0
0
0.0189265
0
0
0.057344
276.622
1.04026
101.946
24.2647
24.2647
12.7668
12.7668
16.973
1.16178
0
0
0
14.3674
0.764955
85.5974
0
0
1.15626
0.198797
0.68837
0
0.575504
0
24.5137
0
7.91131
7.91131
7.91131
379.881
1.00099
1.00099
1.00099
61.6222
8.21246
8.21246
0.901909
4.34767
0
0.813685
0.813685
0.461122
0.4776
22.5146
17.1604
5.98094
5.81869
5.81869
5.81869
1.98728
2.03057
0.0326749
0.305759
39.1113
0.245902
10.1302
2.49258
11.5027
4.96669
0
0.047493
1.62992
15.775
15.775
0.654685
24.1288
5.40802
150.951
1.39364
15.8008
0.476217
1.33011
0.173368
2.61403
2.61403
2.61403
4.73267
349.341
0
28.9792
3.01089
1.40227
1.40227
1.40227
1.40227
1.40227
0.500052
128.137
128.137
128.137
6.9332
4.88352
0.52317
4.0956
0.0584636
0.0584636
0
0.958215
5.85002
0.76696
9.48599e-09
9.48599e-09
0.577766
0.107402
0
0
14.5408
14.5408
0
1.44792
1.35219
21.4954
0.38078
0.156179
0
0
2.9083
0
0
196.903
215.754
351.324
3.9672
2.21255
14.8753
40.4809
0.866208
0.192475
0
0.290802
0
25.2809
25.2809
25.2809
44.5614
0
0.960507
5.65576
4.12678
4.12678
4.12678
4.12678
4.12678
2.03163
0
15.0093
2.40366
2.88005
1.94416
1.94416
2.17598
2.17598
0.487988
9.61269
9.81668
0
0
10.6988
10.6988
0
0
0
0
0
4.59207e-06
0.313871
17.9848
0.665678
0.665678
0.665678
0.665678
3.77103
0.821117
0.195073
0.195073
0.195073
0.195073
0
0
0
0.0198532
0.0448604
0.93138
4.17776
0.512798
0.178721
31.5825
106.515
2.28615
0.597286
12.4982
0
8.64393
8.64393
4.47414e-10
0
0
0
1.54909
0.047053
0.0295238
1.05559
0.259276
6.21672
4.35815
19.3955
5.05113
44.2641
11.2864
0.190452
0.565067
0
6.51938
3.66626
0.101206
0.101206
4.03472
0.471237
0.774177
0.774177
22.7772
0.422284
0.422284
0.422284
0.422284
0.422284
1.87577
21.9919
12.3352
0
0
0.16434
2.50672
3.48549e-08
1.00805
0.305456
2.51488
0.372532
0
3.96402
3.96402
3.96402
0.51619
6.8065
0
0
31.9855
0
6.10772
6.10772
6.10772
6.10772
0
0.274748
0.278706
0.549825
2.56829e-05
0.411034
0
2.47968
0
5.62588
0
0
5.7041
0.18724
18.0383
3.52505
13.1803
2.563
2.563
2.563
4.76255
7.60019
0.689891
16.1424
0
14.9139
2.98707
0.258452
1.84307e-05
2.25386e-07
0.1217
0.0418526
0
0.394944
0.394944
4.88577
48.8294
9.45504
37.1692
2.97232
1.04459
0
4.86114
0
2.19127
17.6837
0
212.333
0.855076
0.18805
0.136782
72.5995
14.5087
15.1207
2.30522
28.1437
10.1941
19.687
0
0
6.1491
111.064
0
1.87947
1.87947
1.87947
15.8009
44.849
0.491768
4.08572
11.1524
205.862
0
0.411853
43.0657
6.11123
0
351.455
0.0301877
0.0301877
4.36509
4.36509
4.36509
4.36509
4.36509
4.36509
13.9791
0
0.0669288
9.21185
13.2236
0.0401038
0.0820196
0.0820196
0.0820196
0.0820196
0.0820196
0.252728
0.252728
11.7663
0
0
41.0365
85.184
96.1157
96.1157
19.0815
14.8309
11.0406
149.402
4.6161
37.408
97.0014
65.388
1.36235
1.36235
0.500357
0.500357
0.500357
0.203096
33.4793
1.18518
145.346
20.9657
2.36521
0.746841
0.746841
0.746841
0
16.4875
0.205156
0.205156
5.35363
0
6.61816e-09
6.61816e-09
0.637117
430.728
66.6634
93.1551
93.1551
13.6564
13.6564
13.6564
1.56613
0.00899847
0.00899847
0.00899847
7.99643
6.57761
10.6103
2.74094
3.35045
7.606
0
0
1.79991
1.79991
5.00776
0.407922
0.781314
0
1.0775
1.0775
1.0775
1.0775
5.45872
5.7424e-09
14.836
7.86363
7.54266e-09
20.9651
10.3412
0.535965
1.24461
0.46892
1.10772
0
0
2.27233
0.408148
0.971904
474.9
2.03265
2.03265
2.03265
33.567
2.95875
4.15297
40.7278
17.3031
2.29833
72.8056
0.46243
2.26673
3.50602e-09
854.982
41.4808
68.3742
68.3742
0
0
837.983
0.0296179
0.0190201
1.40348
0
0
0.0702203
125.092
0
0
0
1.52242
1.52242
1.52242
8.33851
144.466
68.9226
938.974
0
14.9049
14.9049
14.9049
14.9049
14.9049
22.0046
2.70545
13.9772
0.154337
0.0771319
0.0524109
0
0.058973
0
0.0333183
11.0452
11.0452
11.0452
2.94274
0.14449
2545.55
106.614
66.1666
66.1666
0
1.54838
22.1347
22.1347
22.1347
0.911276
0.911276
5.44429
0.0587173
12.7145
0
83.2643
4.89571
14.8173
0
222.464
0
0
0
0
0.500696
0.500696
0.151921
0
0
0
0.950354
1.17606
0
0
0
0
0.0720129
0
0.267993
0
0.608625
1.09562
0
0
3.03539
5.89944
0.117976
1.26429
0
0
0
1.73455
10.1982
0.12426
0.12426
0
0
0
14.8557
3.15276
3.00126
0
0
0
0.109219
0
0
0.246792
0.573275
0
0
0
0.00671888
0.00671888
0
4.16151
4.16151
0
4.20431
4.20431
39.2609
0.334712
0.928975
0.062903
4.09131
4.09131
11.3858
3.04247
8.80843
26.6304
12.7817
6.2008
2.33294
2.30641
0.023165
0.000470833
0.00170432
1.72695e-06
0.772743
0.173599
0.0719797
1.46631e-05
8.25481e-05
4.10407e-05
4.78094e-10
3.61201e-10
1.33738e-05
6.93012e-06
0.822886
0
0.137515
18.8776
7.55509
1.38049
0.128472
0.918732
0.0947765
0.112233
0.112233
0.0410301
9.01629
1.45859e-05
0.165616
0.14407
1.12343
0.971087
28.2928
28.2928
41.9791
3.56485
1.53837
1.53837
1.53837
0.0467615
0.0640987
0.0640987
0.0640987
12.1307
12.1307
17.9485
0.00309405
29.4471
11.1762
29.4514
0.09379
7.69054
4.37794
4.37794
4.37794
38.2138
3.63782
27.1869
26.7944
6.56728
6.56728
6.56728
0
1.53212
0.076466
1.15664
17.5094
2.47818
9.78842
0
14.7517
1.75465
1.75465
6.47808
16.2808
0.150395
0.0618699
0.232046
10.0293
0
51.3817
1.95145
7.12068
4.04943
3.01271
42.3807
12.3045
6.20295
0
0.57132
0.494396
6.05936
0
0.338163
0.12408
4.07238
0
2.17047e-06
2.65955e-05
4.43237e-07
1.55342e-05
0
0.922329
0
0
0
3.08391
3.08391
3.08391
0.931426
0
0
0
28.6337
5.59004
0
0.160857
7.54222
7.54222
0.179281
25.1459
4.2201
23.372
2.89491
2.89491
2.89491
1.44158
6.31169
5.26515
4.72722
42.4135
13.2847
0.519716
0.283472
29.9187
4.01881
4.01881
4.01881
4.01881
0.421106
0
0.445496
0
2.76872
0.0719649
0.583491
0
14.6291
0.73568
8.25314
41.7758
0.159983
1.14334
8.34309
13.3016
1.4196
0.109566
0.643511
0
0
0
2.27054
7.53597e-05
1.08264
2.04762
2.04762
2.04762
2.04762
4.18057
1.56352
3.53832
187.717
0.927547
5.16394
1.04247
0.000185747
0.000185747
0
0
6.70701
0
0.116926
2.15961
3.55057
12.7672
1.29065e-05
1.62249e-05
0.0502184
2.24732e-05
1.28682e-07
0.219814
1.80845e-06
2.7085
0.710655
1.69918
0.229931
0.000518461
0.224545
0.308181
0
1.18641
0.54978
0
11.4206
35.3247
35.3247
35.3247
35.3247
35.3247
1.22183
18.3169
1.57078
0
0
0.323282
0
0.487004
0.388331
0.616608
0
0.0293313
0.049171
0.0877624
0.451275
0.451275
0.866766
0.63067
0.193651
11.7648
16.0277
16.0277
17.7424
8.8481
51.8863
19.3174
0.642173
0
0.786183
41.2743
0.0755524
0.0755524
7.95608
2.22454
5.45031
35.3931
9.3401
2.90614
2.90614
2.90614
2.90614
2.90614
33.0313
7.42324
0.364135
1.07559
1.31405
30.3951
0
0.0231541
1.22032
3.23423e-07
6.96247
2.14047e-06
5.74541
0
4.44748
5.75931
5.75931
9.82765
2.78036
1.92182
1.34965
0
0
0
4.54711
2.01417
6.45371
0
3.84006
1.11546
1.98511
11.7984
0.0968633
0.0968633
0.0968633
1.38576
1.38576
1.38576
1.38576
1.38576
0
0.199328
8.22752
6.30539
1.36562
1.81312
0
0
0
0
0.214855
94.3472
50.6394
25.4092
6.68727
9.66219
9.66219
3.98338
38.6884
11.9074
0.963145
8.07984
0.112174
89.3158
2.14842
1.62366
1.62366
0
3.42874
0.822776
37.8888
24.6846
24.6846
0.00676144
0.00676144
0
0
0.66226
0
0.0369265
0
0
0
0
0
0
0
0
0
0
0
5.43823e-08
0
0
0
0
0
0
0
0
0
0
0
0
0
0
0
0
0
0
0
0
0
0
0
15.5391
15.5391
0
0
6.63024
0
3.97517
18.9584
14.8713
14.8713
14.8713
0.192792
0.192792
0.743099
12.7073
0.177958
0
0.482437
0.00457339
4.90794e-09
8.29345e-11
3.53472
18.9173
0
0
0
5.69222
5.69222
5.69222
5.69222
25.5334
1.83789
1.83789
1.83789
1.83789
913.107
0.00687751
1.49429
22.407
22.407
22.407
3.23895
1.11491
23.8325
2.08023
0
403.813
268.603
268.603
92.2952
92.2952
92.2952
3.87156
201.303
33.0398
0.274395
1.04497
0
0
1.64984
0
0.35122
0.883735
1.85897
0
1.21573
0
129.685
0
0
0
0
0
0
0.25665
0.418214
0.388123
0.199698
0
0
0.291716
0.469944
15.6752
2.99534
2.50367
6.34605
1.56831
7.72847
3.80821
1.2341e-09
3.47569
22.8725
0.542815
1.73961
22.4091
22.4091
1.7493
0
0
0.000171651
0.0623903
3.03478
3.03478
0
0
0.681268
2.24087
0
0.164636
0.000580742
0
0.00118019
4.27048e-06
0
0
0
0
0.315815
0.188654
0.238865
0
0.0968303
0.0968303
0.0968303
118.984
0
0.00568055
0.0560397
1.99182
28.2309
0
0
18.1733
12.1459
1.99707
1.22672
1.22672
0
0.722558
0
0.856818
0.856818
0.757143
1.05317
2.18139
2.18139
2.18139
2.18139
10.3857
15.4149
0.0187878
0
47.8065
1.09413
0
0
6.50468e-09
0.903479
5.32685
29.315
0.131675
0.0101555
0.897441
5.51183
0.934786
0.0847544
0
0
0
0
93.3329
34.3573
0.71997
0.856029
0
0
0
0
0
9.25159
0
313.92
0.263534
0.281604
0.421374
9.09509
9.09509
15.2193
0
0.237333
9.3883
8.81722
19.4121
0
0
0.284589
0
0
0
0.0165183
0.0762062
0
3.39162
3.39162
9.06115
141.438
12.2668
0.319622
0.619835
8.94486
0.47737
0
4.93737
5.70976
0.148249
0
0
0.117109
0.0713517
0.0678182
0
0.116753
1.88048
0.150023
0.236007
0.236007
0.236007
16.5923
1.61618
23.7926
4.90049
0
0.260299
8.50297
16.6212
0.574273
0
0
0
0
73.6542
8.4332
0.125891
35.5852
0
0.358719
0
0.18388
0.18388
0.18388
22.0782
4.17244
0.0518755
0.17888
0.220608
10.2279
0
107.194
14.2438
27.2624
27.2624
0
0
0
0
0
3.79798
0
84.0085
19.9806
19.7259
0
0.160607
0
0.195169
0.536511
0
24.5257
0
0
0
0
0
34.3588
34.3588
14.719
0.0899962
4.23238
0.316443
1.38686
2.17096
6.50378
1.62945
9.91255
9.65726e-07
293.851
0.327697
0.0392148
0.0458449
0
1.52595
461.206
0
1.71199
1.71199
1.71199
2.42466
9.05329
9.05329
0.662927
30.5587
0.754728
3.37809
0.853137
6.83233
0.987041
0.67093
0.972046
0.181302
0.113357
1.77724
0.00026187
0.850551
5.81062
18.134
9.63475
9.12046
22.7174
13.5612
0.804637
0.123109
2.17846
0.51017
4.34185
2.6939
0
37.6554
37.6565
2.49512
0
0
1.2165
0
0
0.204705
0.146673
2.21429
0.0194253
0.163049
1.91002
0.412262
11.5499
13.3624
0.823862
0
70.1109
3.8247e-05
18.0446
0
27.6084
1.44164
1.69392
12.1733
18.6898
12.5125
4.32344
156.741
0.967654
0.424358
0.414133
8.47181
0
0
63.2791
0
2.68651
2.99868
3.1054
3.1054
3.1054
3.1054
13.8108
0
0
35.3264
0
0
0.0357066
0
0
0
0
0.0634515
6.42375
2.4265
0
11.9289
11.9289
0.0593036
3.04506
3.04506
0.369669
0
0
0
0.0975841
0.0456284
0.457334
0
0.647209
3.18924
2.23001
1.59027
0.141736
0.230241
0
0.156363
0
0.302626
0.329897
0.159027
0
0.448809
0.495793
2.77285
0.583265
0.562005
0.704551
0.298419
5.51207
0.413816
0.183736
0.048792
0.196409
19.7366
10.842
0.0491022
0.0478848
0.714014
0.714014
0.714014
0.0761574
1.28116
0
0
0.0631861
0
0.0202923
0.0242212
0
0
0
0
0
0
0
0
49.0448
0
0
0
0
0.847002
1.5768
15.4836
45.2357
2.47964
0.393394
0.528476
0
5.96988
0
1.377
5.79179
1.40423
15.9341
0
0
0
0
0.59865
2.68553
7.53338
0
0.138385
0
11.8051
11.8051
117.381
10.1099
0
0
0.0348976
0
0.028127
0
0
0
0
0
0
0.0348976
0
0.10565
0.209386
0.13959
0.244283
0.348976
1.12362
0.643789
15.4045
2.18614e-05
0.124358
0.03474
3.00047
3.00047
0.10422
0.0210502
0
6.87635
6.87635
0.218725
0.629353
7.07657
7.07657
7.07657
7.07657
0.885783
0.749602
0.0912695
2.11531
0.295192
0.269363
66.4844
23.7953
1.54057
2.78773
2.82881
0.0409687
0.0409687
0.0409687
0.318284
0.318284
13.4683
11.5987
13.7771
0
0.351168
1.98785
0.34032
6.57093
1.30783
11.6393
15.9957
3.30365e-10
0
0.107584
0.299656
1.6212
0.0705546
0
1.08575
0.87907
0.25323
26.8007
0.128511
1.58673
0
115.665
115.665
115.665
6.2732
10.3919
4.43003
4.43003
44.0565
0.0572687
15.1137
30.3091
10.7384
0.533001
0.533001
0.533001
0.533001
323.284
0.99925
8.40449e-06
7.19752
10.5906
2.46568
0.360494
0
1.4874
0
0.155217
0.155217
0.155217
0.155217
0
0
11.2861
3.45513
1.31112
0.0234218
60.4963
0.0567804
23.2532
0
0
0
23.5354
4.04018
3.72022
0
0.0153921
0.461109
0.461109
0
0
2.66107
2.66107
2.66107
0.0614673
5.86621
0
719.437
433.111
0.011525
0.317127
4.1812
0
1.05194
5.45132
0
0.873697
0.163982
9.6619
0
0.0687684
23.7254
23.6602
1.12293
1.30947
25.6965
8.05837
1.4735
0.995128
0.22462
5.80586
1.50221
0.399901
1.64857
0.147755
0.021166
0
0
0
0
0.0346269
3.35363
3.35363
3.35363
3.35363
3.35363
11.1251
2.70487
6.71079
8.48729
8.48729
8.48729
8.48729
0.575507
1.58889
1.58889
0
186.558
2.51489
2.51489
0.521033
0.27446
2.22486
1.10083
1.10083
1.10083
1.10083
1.10083
0
4.748
4.748
9.60106
6.71606e-09
0
2.35755
0.594943
3.89629e-05
0.323586
5.45837
3.86296e-05
1.2494
1.10656
0.453018
1.52973
0
0
0
7.23124
6.92384
0.257427
0
0
0.184844
0
1.4972
0
0
0.194189
8.95922
0
0
0.115059
83.7492
0.747996
0.747996
0.747996
0.747996
2.15941
7.53145
0
0.000172171
0.606417
0.277759
9.59144
0.214145
0.214145
0.214145
0.91747
2.00962
0.500906
0.500906
0.500906
0
11.7181
0
9.41038e-05
5.37867
2.7399
0.894823
12.1257
4.67079
0
18.6157
18.6157
18.6157
18.6157
4.80744
0.644387
1.20574
1.20574
93.2209
50.1196
5.44999
0
0.293037
1.05066
5.22974
20.5828
20.5828
2.11761
10.3764
0.565707
1.33293
1.3694
4.23694
1.88948
0.358353
0
0.898102
0.176894
0
0
0
0.256521
9.37076
0.2134
0.115523
10.739
18.2404
0
18.7307
4.37834
4.37834
4.37834
0.0491173
14.0682
0
8.35603
0.0376539
0.296335
5.60461
1.39362
164.234
18.2436
0
11.4431
11.4431
0.248972
0
0
0
0
0
0
0
0.0130256
0
7.34193e-08
0
0.247609
38.7774
4.41723
0.450846
6.87183
0.663736
0.898443
0.898443
0.898443
0
0.566627
0
0
0
0
2.68068
12.7723
12.7723
12.7723
12.7723
12.7723
1.12146
6.59172
6.59172
6.59172
1.35641e-06
4.32581
2.90523
0.959964
4.18235e-07
1.93276
0
0.437142
0
2.59826
0.866508
0
3.09896e-06
2.53538e-06
0.219947
9.28627e-07
0
9.13386e-07
0
0
0
0.0713347
0.0713347
50.9863
3.61181
3.16603
31.7575
1.62034
309.617
0.848677
0
0
0
0
0
0
0.249265
0.0691151
0.292095
0
0
1.06927
1.44219
10.3287
0
0
117.817
12.6618
0.670472
17.5758
0.313997
0.000654788
0.410401
0.343803
2.94285
0.00704399
3.67658
15.0621
0
1.02069
1.02069
1.02069
1.02069
0.275046
0.275046
13.7502
3.30681
1.56866e-10
6.59303e-11
1.30887
5.51895
2.83787
1.82876
0.556038
0
0
0
0
0
0
0
0
0
0
0
27.146
27.146
10.9959
14.1634
3.27015
2.06866
2.06866
115.492
38.0647
0.0949926
40.7644
4.09383
3.10415
3.10415
3.10415
3.10415
0.30902
0.644763
0.205967
0.544778
0.544778
2.0143e-08
0
0
0
0
0.113986
138.048
0.0189593
0
0.0799883
47.3879
0.294403
1.48903
0.0324277
0.170971
3.17066e-07
0
19.5178
21.7306
0
0.000374728
2.6538
2.62833
7.84064
0.276052
2.83292
18.9857
27.9387
10.7327
0
2.55277
5.13322
13.3293
0.27458
0
0.0347507
0
0.455879
0.455879
0.455879
0.455879
0.455879
0.455879
0.455879
0.455879
0.455879
2.36543
2.36543
4.49252
1.02116
0
10.5442
0
0
0
0
11.5846
16.843
3.98598
2.89662
4.80689
0.0942485
0
5.03645e-08
2.64744e-07
3.32548e-06
0.711975
0.454973
1.79257
0.222214
25.9781
25.9781
0.0761569
0.0720052
0.0312934
1.39034
20.866
0
0.359429
0
0
60.9454
3.02412
3.02412
20.5306
20.5306
49.0372
17.7189
6.36495
2.12736
2.12736
0
0.92997
0.739464
82.487
0
0
1.79971
2.17222
0
0.0765597
7.71348
68.767
3.79131
37.9713
0
3.22239
1.14587
1.17124
0
5.35487
0
0
56.6087
6.28879
24.6225
0.578251
2.81225
0.381509
0.381509
0.789111
1984.65
10.3181
0
0.857446
85.5994
5.47377
0.878284
0.878284
0.878284
0.376407
0.325163
4.61086
4.61086
10.5615
0
46.6093
38.9067
0.316024
0
8.12102
6.8635e-08
0
0
0
0
0
8.68777
8.68777
8.64552
0.0148591
0.0148591
0.0148591
2.11545
0
0
1.55296
1.55296
0
0
7.50566e-08
0
8.35913
8.49378
0.145032
4.18349
0
0.446771
0
0.00965583
12.2131
5.55807
1.6456
0
0.871497
0
0
0
0
0
0
0
0
0
0
0.138636
0
1.09994
0
0
0
0
0
72.5296
0.727924
5.73957
0.0634515
0
0
0.0925221
0
1.50214
2.03962
8.61543
0.195422
7.31066
0
6.79159
6.79159
0
0
0
0
0
12.7624
10.3086
0.901057
0.385543
17.1319
0
0.0563914
7.68305
7.68305
7.68305
0
25.4923
3.53247
0
2.04869
17.0812
20.9111
4.04833
0.065742
0.065742
0
0
1.27103
11.6369
24.5164
24.5164
27.1184
5.33596
5.33596
0.114717
70.6522
2.11406
51.0594
9.03896
0
3.50601
0.000117465
0.000117465
0.000117465
3.50676
1.68728
52.6963
0.461182
8.26947
904.204
0.0486576
0.0998833
1.6205
0.0410249
0.684746
0.155985
279.24
0.0823509
0.0823509
0.000109702
7.82195e-05
10.7611
0.447031
0.272333
11.7579
0
0
15.2836
3.16462
34.4291
1.24746
0.249794
0.191853
0.196761
0.102136
0
0
98.1609
98.1609
0
3.07155
43.2536
1.13393
23.0873
35.0796
20.8071
1.15703
5.12319
5.12319
5.12319
5.12319
5.12319
66.7667
25.027
264.627
10.9343
0.464521
95.0346
0.597644
18.4032
4.27639
5.14801
5.14801
6.79036
7.37969
0.00612988
0.00612988
4.9552
1.88726
0.928423
13.7507
66.5821
4.0173
4.72886e-07
4.85985
2.01973
3.44498
0
0
0.364291
0
0
0.690851
0.422093
22.2005
7.17449
7.11864
7.11864
1.6941
22.8603
0.407125
16.7958
0
26.442
9.36531
2.85805
1.5531
0
0.138497
2.92521
37.0901
0
0
0
5.29439
5.29439
0
5.33562
17.6324
8.05684
0.175519
14.8315
1.49164
0
90.4483
1.77852
2.33605
2.33605
47.7042
0.983319
0.293075
0
10.9197
10.5797
0
0
0
0
0
0
7.6052
4.23787
1.85469
0
17.1891
0.878106
227.158
1.17272
1.17272
0.73163
13.8499
13.8499
13.8499
13.8499
0
0
0
0
0
0
0
0.977042
0.112946
0
4.15212
4.15212
2.08381
22.9103
0.117469
0.117469
0.117469
0.117469
0.117469
0.117469
4.41685
5.32293
0.571675
1.65358
1.65358
0
0.0324365
102.343
2.8263
22.6276
0.122707
0.688085
2.77408
0
0.223409
0.20064
0.110585
0.0741212
37.3101
60.0655
0.814917
0.262423
1.69371
1.39173
3.29239
3.29239
827.215
26.6204
0
1.95172
1.95172
1.95172
1.95172
1.95172
0.356697
2.08232
0.102811
31.9638
24.7548
1.50493
1.50493
1.50493
0.110494
0.475969
0
0
0
0.0203808
0
0
0.0203808
0
0
0
0
0.363977
0
0.203525
0.478301
0
2.36544
0
5.94711
0
0
0
0
0
2.64871
0.514782
0
0.457255
36.853
2.52731
6.18953
33.136
0
0
0
4.23877
0
0.0585422
0.0585422
4.46423
0.0102318
0.536041
0
0
0
2.7381
15.4532
2.559
202.788
17.0847
0
153.114
0.247687
5.52433
2.36215e-06
2.156
0.714489
66.9078
84.3521
62.0712
134.02
34.9644
0.777209
16.3529
3.22261
2.74128
0
5.50234
0.808372
0.130792
3.56507
3.56507
0.168391
0.168391
0.168391
0.168391
0.168391
0.168391
0.0546682
0.043087
0
20.6006
1.81816
9.09263
3.41468
3.41468
3.41468
3.41468
9.14724
9.14724
9.14724
26.2315
23.8501
6.23901
841.271
1.57718
0.904477
1.14539
1.14539
43.3472
8.44243
11.6867
11.6867
93.6672
7.10663
0.180089
0.139807
15.2953
4.9318
9.94021
22.013
6.60711
6.52167
35.6151
14.3257
0.263099
1.11859
0
1.15285e-08
9.90499
31.7829
0
1.59391
22.271
22.271
22.271
40.339
0
0.0763066
0.0654218
0.303059
0.212121
3.60058
1.06257
13.7539
7.02051
4.83181
3.25028
0.758423
21.2773
21.2773
8.09118
20.6982
4.03124
3.94384
3.94384
3.94384
3.94384
118.582
5.34957
5.34957
5.34957
0.00635821
182.811
0
0
0
0
112.442
1.03053
0.990786
0.016743
150.939
1.60393
1.19543
1.19543
1.19543
5.35837
0.0774475
0.39451
1.04194
0.288531
2.8528
0
0
0
0
0
0.172589
0.172589
0
0
0
0
0
0.000102103
0
0.07896
0.149991
0
0.410812
29.6808
38.1955
8.53205
4.5852e-06
4.5852e-06
4.5852e-06
4.5852e-06
0
0
0
0
0
0
0
4.44008e-09
0.0145292
15.9587
22.3889
22.3889
22.3889
12.1064
2.90949
0.639426
12.613
0
4.00848
4.00848
4.00848
4.00848
8.15073
0.0314978
367.838
3.59846
17.6513
14.2996
5.53546
1.59539
7.95889
0
0
0.595105
4.02129
0.343717
0.492727
1.98727
2.97489
0
0
0
0
0
17.8207
0.170134
4.88577
1.35248
0
0
0.0825929
0
0
0
0
1.05437
0.414328
0.0335445
6.77978
2.41285
14.0681
0
26.4971
0.0497365
0.0497365
22.8893
244.824
1.07389
2.02825
0
20.589
0.0358727
0
7.51193
7.00881
43.2772
0.667161
0.107311
0.116481
0.281027
0
0
14.9887
14.9887
14.9887
14.9887
6.05875
1.19755
2.34823
3.60902
12.7929
0.124575
1.25196
0
0.0342773
116.735
0.128816
0
1.25711
0
5.46184e-11
11.613
1.16053
2.49309
1.14944
995.346
0
19.7887
12.9821
5.74777
6.44676
31.6227
61.6891
4.10736
0.22265
0.189971
22.7482
4.449
4.449
4.449
3.06972
4.30089
6.53187
0
13.7887
28.1792
0.148321
0.354901
524.582
4.7433
63.2964
34.4976
0.0920062
31.4363
1.19482
201.701
3.89781
16.0313
1.96912
0.980892
0
1.69282
17.9038
0
4.16735
8.62644
1.90137
201.02
1.93561
0
1.12345
1.12345
1.12345
2.80574
2.43518
4.67458
6.5338
2.65797
2.33097
7.23534
1.58531
11.3565
0.570522
0.701629
2.68708
7.35679
20.9843
3.25398
4.6518
5.95405
4.86368
4.63723
4.53798
2.65323
0
0
15.2872
0
0
0.255837
0.274709
0
0
0
5.46292e-09
0.0043868
0
0.0318895
0.227332
6.82262
11.3183
0.407897
0.0474212
0
0
0
0.275432
13.2762
0.139348
0.237724
1.05971
1.05971
0
3.19877
3.19877
3.19877
0.792643
17.9882
0.155264
0.287618
0.886413
2.75853
0.547326
152.48
1.65202
0
0
0.8101
0
0.345036
0.345036
0.345036
0.345036
0.345036
0.355041
0.0118516
8.29201
25.7143
4.10005
0
0.33529
14.2393
4.25414
10.0059
14.1793
4.51222
4.51222
1.07609e-10
0.0892129
10.6343
0
43.4424
1.23585
1.23585
7.86018
12.3572
0.11401
0.627162
4.04227
0.11733
0
0
0
0
0
0
0
15.2782
3.83869
7.09415
39.88
31.6236
2.4103
0
8.34633
12.628
35.2482
0.107729
116.341
36.2082
0.684564
0.751764
0.109865
3.30095
1.32307
6.34844e-06
4.80251
0.0479611
4.20442
0.462402
1.90064
0.0930827
0.0515539
0.491874
22.8188
13.2463
9.09158
9.09158
9.09158
0
0.113182
0
0
7.10463
0
0
0
0.158188
0.00026046
0.00026046
0.126598
0.126598
0
0.259644
36.3762
13.4666
0.138464
0.631086
6.01329
0
0.202237
4.57335
0
1.66378
0
0.0772141
7.39741
3.77081
0.544172
4.79392
2.57776
2.57776
1.28988e-06
550.043
550.043
0.304705
0
5.98848
195.546
8.77954
13.2736
13.2736
1.71936
0
1.38902
0.441574
0
0
1.1831
1.31597e-05
3.31439e-06
22.9952
0.0106771
1.23381
0.526952
0.409716
0.24382
0.430212
0.918173
0
0.496974
0.178637
10.9458
0.400226
0.00465776
3.9305
30.7166
17.9484
0
0
0.111599
7.09992
1.23112
0
13.5352
2.95162
7.446
29.5434
2.86325
0
0
0
0.304884
3.02123
3.02123
20.5102
0.470151
2.72848
2.36528
2.01929
2.01929
0.0252522
0
3.16657
0
10.2178
0.41425
995.299
15.2799
25.0305
1.87916
94.4419
4.7386
27.1547
8.14684
24.2299
4.01321e-06
1.2513
2.24366
2.24366
0
0.144208
5.8351
5.8351
0
2.25024
5.31463
5.10046
5.10046
5.10046
5.10046
5.10046
5.10046
5.10046
2.73626
0
1.15251
3.12829
7.0657e-10
5.82547
5.58569e-10
5.58569e-10
5.58569e-10
5.58569e-10
8.90362
8.90362
0
0
0
0
0
0
172.055
4.12574
22.8418
1.22602
169.381
0.075298
11.8475
7.3007
63.576
33.5746
0.195958
0.0171361
0
0.849088
4.6713
25.8196
0
0.317676
0.210286
0.210286
0
6.03745
14.4569
2.32652
0
0
0
2.85396
50.9986
8.77982
0.0797574
6.20246
0.0771234
0.700564
0.334118
5.15172
31.6763
9.43914
0.34053
0.415939
15.2676
2.38976
2.71007
0.00739737
0.00113534
2.68767e-10
2.68767e-10
2.68767e-10
2.68767e-10
27.8022
18.454
18.454
18.454
12.062
2.45773
1.48714
0
0
0
0
3.05924
21.2987
0
0
0
0
6.25893e-05
0
0.617301
0.00119778
23.6654
0.652481
0.830396
2.91244
2.91244
12.5817
5.9914
5.06381
1.18233
0.430595
15.8944
1.00245
1.00245
4.31636
38.5323
2.93809
53.7301
0
0
0
4.60929
12.4928
69.5361
20.2551
88.7696
2.49902
2.97997
2.97997
2.97997
0
0.100751
0
0
0.0797342
0
0
0
0
0
0.42048
1.31418
9.74001
0.456666
0.456666
0.646697
0.894235
0.894235
0.894235
0.894235
0
0
0
1.05537
18.6728
0.587156
45.0403
0
31.4603
0.375542
0.375542
0.375542
9.97938
0.938547
620.392
620.392
620.392
28.8473
5.53159
5.53159
5.53159
1.21153
6.35487
18.3358
1007.58
2.36413
0
0
0
3.58063e-05
0
0.000174182
0
0.579938
2.99849
0
0
0
0
0.0489265
0.230118
0
0
0.52571
0
1.2661e-09
0
0.768943
0.265169
0
0
2.43103
0.729905
0
16.4709
2.68043
0
0
0
0.608308
0.353978
0.09312
0.0439025
0.0494163
0
0
0
0.850321
3.14314
0.691689
22.0319
0.156941
4.94605
0.525153
0
0
5.40309
0
0
0
4.20078
2.73927
0
0
1.79496
0.458635
0.648786
12.9013
12.9013
0
0.0257765
0
0.104552
0
12.4465
24.2965
8.46032
1.89308
0
10.5396
10.5396
10.5396
2.30837
0
0.319398
248.896
2.86473
10.3488
0.688004
0
1.09882
1.09882
1.09882
1.09882
1.09882
38.4315
17.1925
0.322594
0.371845
5.10976
84.1648
1.64379
0.172693
8.46915
0.186214
0.0925469
7.78043
10.0074
6.65568
6.65568
6.65568
7.8833
7.8833
0
0
6.43062
0.116116
0.2731
16.2144
0
0
0.898472
6.61762
11.3145
0
0
0
0
46.7624
0.228648
0
0
0.00454492
0.766999
0.444262
27.7873
17.6289
23.5043
5.28206
1.15615
1.15615
1.15615
42.0919
16.2397
16.2397
12.1046
0
0.499869
18.7171
18.7171
1.00631
1.00631
1.00631
0.293078
0
0.878551
0.108644
0.104408
0
0
0
1.4493
1.23119
0.906568
127.857
0.058448
17.1728
0.609011
0
4.95533
7.28898
0
0.564154
0.0288075
0.0288075
31.5511
31.5511
0
2.40601
27.4744
0
8.13751
12.741
1.34008
8.38162
0.172554
0.172554
0.172554
0.172554
0.172554
0.172554
0.172554
0.172554
0.108181
0
0
0.264461
1.6819
4.27116e-05
14.2901
0.589987
0.589987
0.589987
0.589987
0.589987
0
0.370479
6.26048
1.45611
906.829
12.3968
12.3968
6.83606
1.77238
1.77238
0.940481
16.4248
6.81721
0.574493
0.996363
21.7683
0
25.0929
2.57313
0.0880189
2.9721
0.000743874
0
0
5.63248
5.63248
0.226398
0.226398
0.226398
0.226398
0.226398
0.226398
0.226398
0.226398
14.6098
2.44625
1.41991
8.75435
0.21797
30.9047
3.1825
0.00928573
13.1322
0.0380403
0
0.044538
8.67308e-08
43.7792
0.383754
4.65964
4.65964
0
0
0
0
0
0
0
1.3202e-09
0
0.0389061
2.20965
2.69517
1.48278
0.199156
0.290482
0
0
0
0
6.64468
6.64468
6.64468
9.54569
0
0.0652948
0
0.0299987
0.394975
0
0
0
0.096934
9.81456
12.2874
0
0
0
0
0
0
0
0
8.00768
8.00768
8.00768
8.00768
0
0.0230155
1.18913
9.89904
26.356
9.87993
13.4575
11.3189
0.509407
0.0742187
1.74154e-08
5.17631
2.0027e-08
6.9223
3.58085
6.73972
0
0
0.332541
0.630639
1.03714e-10
0.295694
1.04982e-10
0.0308329
3.63362e-08
0
0
0
14.7054
0
0
0.141763
0.105946
0.0821068
0.0821068
0.0821068
0.0821068
0
0.198037
0.198037
0
15.6692
13.9351
0.499764
0.499764
0
0
15.6372
8.15932
0
30.5158
18.5923
0.165483
2.19075
0.494547
0.532858
3.65904e-09
0.437072
0.437072
0.0293128
2.54207
42.4964
0
8.20463
0
19.4469
19.4469
0
2.66147
2.66147
2.66147
1.0761
1.01659
14.2744
0.222838
0.408647
0.703097
1.57806
2.73972
1.61675
0.125468
6.30574
1.20276
0.428551
9.64336
6.87689
3.93414
2.578
0
0
22.5871
2.87497
2.87497
2.87497
0.334859
2.06212
0
0.0206545
0.0206545
0
0
0.153897
0
0
2.03534
4.72918
83.9417
24.8128
1.10606
0.780889
5.15395
5.15395
5.15395
5.15395
1.38747
0.331123
0.108869
0
0
0
0
0
0
0.254041
0.323945
3.71676
1.57499
0.307848
0.304028
4.50124
0
0
0
6.01321
0
0
1.03001
0.417413
0
0.558362
1.41011
0
1.76727
1.27203
148.899
12.2028
0.435055
0
18.4129
0
0.112213
0.112213
0
0.149421
0
0
0
11.9273
40.9248
0
1.64426
0.238474
23.6549
30.7119
5.16131
1.86581
5.97918
58.6416
13.4498
4.82857
4.82857
4.82857
11.1691
3.32363
0.620824
2.20406e-09
2.20406e-09
2.20406e-09
0.530365
0
0
0
3.05123
5.02383
44.8003
1.6114
5.99796
5.99796
0.534822
0.568123
0.568123
0
0
2.47652
2.47652
0.399629
30.4756
5.76571
38.3375
0.988696
0
0
0
1.29158
4.08452
12.664
0
0
0
0
2.05774
14.3844
0.946866
1.26014
0.399847
0.0479497
0.0479497
0.0479497
0.0479497
0.0479497
0.0479497
0.0479497
0.0479497
0.0479497
0.0479497
0.595709
6.25317
8.16593
0.304995
0.39115
0.25737
1.01203
1.46122
0.5299
3.06233
83.4788
0.0221783
0.0221783
5.73911
1.60045e-07
8.44564e-09
0
0
0.962235
0
0
0.155712
5.19217e-08
0
0
0
0
0
0
0
0
0
0
0
0.132182
0
0
0
0
0
0
0
0
0
0
0.0276807
0.0276807
0.0276807
0
0
0.197957
2.85001
4.07028e-09
0
1.45832e-08
2.71428
1.04278
5.85375
14.1003
0.0143664
0.0143664
0
0
20.4518
7.18048
0.278317
0.09752
0.09752
0.09752
3.621
0.151465
2.53892
0.580904
5.69547
0
4.7202
16.3599
0
0.249462
0.940563
0.0291327
0.540015
0.0106376
0.0106376
0.0106376
0
0.972765
0
0
0
0
0
0
0.0621837
0
0.539446
0
2.67294e-06
0
0
0.998997
3.29491
2.70383e-09
0
0
0
0
0
0
0
0
0
0
0
0
0
0
1.85144e-10
0
0
0
0
0
0.49593
2.34024
3.01828
0.0625268
1.9109
0
0
0
12.5639
0
0
3.3882
0
22.9636
3.95671
0
0
0.0639906
3.73632
5.47763
0
0.288609
0
1.90229
0.838856
24.0968
0.971704
0.587988
0.13636
0
1.05572
22.2267
19.707
5.30496
71.8513
11.7938
5.81346
0
0
0.0401031
9.08242
208.495
15.0167
1.61158
0
803.586
3.53959
0
0.171011
85.0448
0.284571
2.99101
943.116
1.41649
238.328
0.736598
0.715448
0.297162
0.260515
112.194
3.54951
4.4547
4.4547
4.4547
4.4547
33.1909
4.79101e-08
0
0.0453618
0.240274
40.474
0
0
1.80924
8.20977
0
0.892683
65.1238
60.6788
14.6509
59.996
2.81056
4.66352
4.66352
3.21046
39.3284
1.57027
1.57027
1.57027
1.57027
0
0
0
0
8.72332e-05
0.0415567
0
0
0.379026
0
0.0200619
0.939449
1.22113e-06
4.39805
4.39805
0.104384
0
0
0
30.9401
144.772
144.772
144.772
11.8467
0.3276
0.502093
0
4.50921
4.50921
4.50921
0.248879
46.8449
0.175637
0.175637
10.2307
0
26.8714
4.90039
1.75151
2.64815
2.64815
0
0.258985
0.631774
0
0.0159779
11.5972
1.41758
7.12335
0.673683
0
0
0.611483
1.21164e-07
14.8336
50.4266
0
0
0
1.32701
31.9175
24.2636
24.1948
2.20926
0
0
0
0.0269506
0
0
1.59567
0.151769
0
3.18405
0.760191
0.760191
0.0495839
7.42411
79.5289
22.4461
0
0.746901
196.987
1.81584
0
5.76029
40.564
29.7414
38.8308
0.724174
2.57712
1.68452
9.18208
9.18208
9.18208
9.18208
11.98
3.22578
0.314679
0.0262339
1.13424
1.13424
0
5.34635
0.218611
0
10.0378
3.50912
0.125054
0.125054
10.2181
0.821619
0.821619
0.821619
6.68951
129.343
6.34004
40.5967
11.7288
0.0947489
0.0947489
0.0947489
2.28696
2.28696
0
41.1354
9.39911
0.0183837
0.0362099
0.185165
0.082945
92.1327
221.688
18.276
2.19118
2.19118
2.19118
0
1.57497e-07
28.5105
0
0
0
0
0.321217
0
0.0768379
1.27751
0.447679
0.426093
0.160024
3.77311
2.71461
1.04
0.123385
0
0
0
0
0
0
0.692187
0
0
0
0
0
0
0
5.3455
0
43.4756
0.890933
9.17762
9.0296
0.13289
20.6789
7.75532
4.64848
7.83468
1.32975
0
0
0
0
0
0
0
0.240743
0.320893
0.188465
0
0.0478196
76.5846
0.738479
3.13327
3.13327
3.13327
11.4844
11.1379
0
0
0
0.631736
4.16469
13.2543
2.48515
7.59706
27.5437
184.156
5.66516
50.357
0.819068
1.32819
17.571
10.0773
0.0549942
63.8811
13.8412
32.595
21.6611
0
3.66763
3.66763
1.852
0
0
0
0
7.95317
17.5923
3.09201
9.00267
4.11374
0.938374
0.256696
0.298564
1.73442
0.502872
0.232867
0.232867
1.10625
2.07894
2.07894
2.07894
25.4283
19.0988
7.03928e-09
7.62441
12.2791
0.146558
0
0
0.313063
0
0.206821
0.327695
0.0625305
0
0
0.0833195
0
8.73199
0.836056
100.959
0.606884
10.467
0.160008
0.160008
0.160008
16.1622
0
10.0915
16.3116
207.345
207.345
0.0118444
32.0574
5.76976
2.91141
0
0
0
30.8344
17.9123
0
0
0.0601857
0
26.8452
39.574
20.637
4.81654
0
0
1.77213
34.509
17.4065
17.4065
93.4136
0.52853
0
0
0.05935
3.14532
0
6.05876
0
2.63324
0
5.39295
0.806007
4.09261
2.04985
0.539824
0.0457296
0
1.30725
5.2022
0
1.51231
6.0812
0.0598869
2.96584
52.3335
4.98385
54.5918
8.22934
1.50636
7.30307
3.07289
2.39382
2.39382
0
0.84171
0.00652472
0.00594263
8.75321
1514.3
0.0578114
0.871319
4.13957
0.138335
0
0.325425
0.0554578
0.0123384
0
0
0.347093
0
0
0
0
0
0
0.0384365
0.0478304
0
1.76648
1.76648
1.76648
18.4585
18.4585
1.04327
0
76.1565
0
8.38476
1.91703
0
25.6759
0.122511
10.2684
1.00597
1.00597
1.00597
2.46942
4.3528
0
2.16846
0.163264
26.8762
0
0.336758
2.10807
0
0
3.96104
4.46535
9.49351
9.49351
9.49351
105.08
0
4.5
9.89096
9.01026
1.62628
52.1127
0
0.228297
0.824466
0.0931582
1.7012
4.35554
1.59762
0.121183
4.78427
0.0560286
1.95419e-09
1.89306
0
1.54363
0
0.168274
4.8089
6.43887
11.007
665.45
0.89617
14.0871
3.09197
0.227069
11.3717
14.3107
17.2587
9.47124e-08
9.47124e-08
1.13088e-07
0.312725
270.013
3.99783
3.99783
0
0
0
0
0
27.7221
17.9396
0.795341
8.16231
0
0
130.574
1.56936
1.56936
1.56936
1.56936
1.56936
1.56936
1.56936
5.36079
5.36079
5.36079
3.20004
1.2836
0.14339
0
0.880944
0
5.16247
0.263191
0
0
0
0.328146
1.7888
0.586398
0.586398
0.586398
4.23961e-09
0.754118
3.01807
0.819886
102.085
32.6523
2.86584
24.7086
66.5882
26.1557
1.18151
55.3206
47.0466
0.290338
136.923
332.272
10.9918
8.52079
1.27806
15.9606
15.9606
0
0
0.208295
10.4252
28.4505
49.5068
209.006
74.0068
0.136298
11.874
0.127522
2.94946
0
3.66519
0.0939141
2.0831
0
3.80261
0.0818097
0.212594
0.00103605
0.0493742
0.0372886
1.83117
3.20392
0
0
0
0
0
0
0.72954
1.98302
1.98302
1.98302
1.98302
1.98302
1.98302
1.98302
1.98302
0
0.195372
0
42.1287
4.98262
10.1139
16.0668
0.21538
49.4204
8.90759
8.90759
73.6286
73.6286
0.636496
14.5003
0
0
0
0.551224
0.551224
0
0
1.07435
2.99491
0.178855
0.596257
35.6382
2.69709
1.9902
0.187962
0
0
0
0
0
6.19395
1.02011
18.9568
0
9.07243
6.33931
19.8688
2.4275
2.5808
5.36973
5.36973
1.68383
7.47801e-05
1.47517
12.5344
1.55519
0.523822
2.96908
1.06561
7.90705
38.7441
0.166587
1.3651
0.201552
33.7802
0.207421
0.207421
0.207421
12.9704
1.31735
3.41355
3.41355
3.41355
0
0
0
0
6.32395
2.17851
9.19063
4.60731
0
0
4.36509
0.203638
0.225894
3.83291
0
97.0203
0.707296
0.630684
0.551114
0.102924
1.5442
0.326347
0.136085
4.39522
7.75422
0
0.448234
9.52813
0.214389
8.63263
12.8197
11.4569
11.4569
0
0.601238
47.4048
0.966356
2.589
0.0233974
0.601238
0.45262
0
2.29707
0
1.33325
6.36563
4.66779
2.85578
0
8.44868
0.857834
4.36373
1.44213
1.40289
0.686364
0
11.8946
11.8946
11.8946
11.8946
0
0
0.412249
0.380215
0.399987
0.223009
0.404927
0.681655
0
0
0.799442
5.55168
0.623338
0.519122
0.208832
21.3203
12.9595
0.048512
7.79787
19.4838
0
8.60128
22.4641
0.336554
12.3135
12.9588
3.67135
4.26873
1.36711e-06
4.88971e-05
6.76034
0.904726
0.254991
0.298466
7.3064
42.9763
31.1613
0.638818
38.7482
12.4332
3.0336
10.7608
0.0800335
0.0285512
3.30328
0
0
0
0
0.574961
0.34101
43.0775
1.13622
0
2.60185
0
0
5.69654
26.1317
22.4629
22.4629
3.18353
3.18353
0.0600684
0.0738046
9.18672
9.18672
9.18672
0
0.431674
15.7859
0
0
0.760486
1.22926
0.362434
0
0
1.32083
0
0
10.1423
3.00057
20.1632
0.0217035
36.9998
0.0637255
9.65428
6.15863
0
0.232866
15.0346
1.57892
1.57892
16.4719
39.4307
2.45966
2.45966
0.101748
0
1.06496
5.4688
0
0.159385
1.1243
0.378825
0.869648
0
0
0
0
0.187409
0
1.87035
1.87035
1.87035
69.7634
11.7152
36.2081
32.4785
2.68132
0
0.00667568
0.120338
0.345654
0.610366
0.610366
0.811279
0
5.91453
0
0
0.213023
0
0
0
0
0
0
0.102104
0.887522
0
66.9514
0
0
0
0
0
0
0
17.7713
0
12.0956
0
25.5749
0.80966
0
1.0228
0
0
0
0.457973
1.21508
3.91624
3.91624
3.91624
3.91624
0.410706
0
0.127925
0
0
0
0
0
0
0
0
0
0.989232
0.989232
0.989232
0.989232
14.4106
0
21.6747
27.8642
1.91423
39.225
0.794734
2.23284
2.52359
2.52359
3.2031
3.2031
1.66813
1.66813
1.66813
1.66813
1.66813
1.48443
30.994
32.1642
1.35424
1.35424
0.150016
0.185122
0.185122
0.185122
0.0173057
14.7147
9.14895
0
7.47912
0
0
0
9.32144e-10
9.11066e-09
0.90986
2.0596
19.168
0
0
38.2547
2.22581
0.286653
0.286653
0.286653
0.286653
0.286653
0.286653
28.8416
13.3436
0.842959
12.2915
206.696
0.0608202
0
0.0724721
0.0953479
0.368633
11.913
2.47163
0
0.35122
34.5469
0
12.9003
0
2.45122
0
2.18336
0
0
0
0
0
0
0
0
0
0
3.07328
0
0
0
0
0
30.4718
0
0
5.04415
48.6954
0
0
0
0
0
0
0
0
0
0
0
0.03474
0
0
0
0
0
0
0
0
0
0
0
26.9783
1.03183
0.151632
52.1577
1.10695e-07
16.2033
0
14.2003
0.397855
0.559447
0
33.2896
7.76792
0.442827
0.236384
0.491219
0
30.2265
138.775
138.775
0.645644
0.645644
0.645644
0.645644
0.645644
0
6.47118
6.47118
0
5.27472
0
0
0.371193
11.8168
1.079
0
2.66286
0.00221827
0
0.0312126
0.00221827
0
0.0795049
1.99016
0
0.32729
10.5711
0.474203
1.75836
0.0014192
84.0431
4.00532
4.00532
11.7841
933.975
1.41207
0
0
0
0.985494
0.324978
0
1.18177
0.195158
0
0
130.134
0.509823
0.123367
0.123367
0
0
0
0
0.161897
0.069545
1.36371
0.610615
0
0
0
1.02526
0.03536
0
0.279228
1.01869
6.58221
0.420949
81.2873
18.5524
18.5524
126.469
0
0
0
0
0.110832
14.6731
0.652748
0.169671
0.169671
2.54735
1.32798
1.32798
1.01603
2.78977
1041.09
15.4182
1.14859
2.3626e-05
2.3626e-05
2.3626e-05
4.86034
1.02768
0.366814
0.416618
38.0734
2.47549
3.68599
47.4436
104.22
0.496032
1.66705
1.86733
30.3251
0.00160082
39.0159
42.1167
7.4511
2.26495
2.26495
2.26495
0.780521
11.2093
36.549
17.2426
0.261327
2.35008
0.000127298
38.8963
0.159385
4.67246
1.69334
1.88971e-06
1.88971e-06
84.8275
80.7048
11.2366
0.628593
0.628593
0.628593
0.0198827
0.0198827
11.9004
220.418
21.2735
0.0158789
0
9.01868
18.3699
145.136
145.136
0
0
0
0
0.119538
0
0.186696
0.0390388
5.44667
0
0.22223
0.22223
0.22223
17.7771
77.9519
0.105933
1.27462
1.27462
2.82848e-08
9.63556
0.993264
6.2421
1.92186
3.68372
1.91958
1.91958
1.91958
1.91958
1.91958
2.04536
0.299881
0
2.63145
2.63145
0.56977
2.12435
0.643804
0.643804
0.643804
0.643804
0.928406
0
3.19534
6.65406
6.65406
6.65406
6.65406
6.65406
49.3066
0.0808977
0
0
0
165.459
0
0
0
0
0.0345838
0
0.0685511
0
2.48167
0.220329
1.11375
0
0
1.46904e-10
3.59845e-06
1.95099
0
1.25874
0.772236
2.06643e-06
1.1397
1.41284
0
0
29.3588
10.332
10.332
11.9657
2.38904e-08
0.011045
0.0107068
0
0
5.67802
0
34.7543
1.02826
0.702189
1.40524
25.8169
0.124968
6.19863
0.119432
0.119432
81.5868
0.26886
0.19014
1.12597
0
0
1.02826e-07
0.142599
78.4278
0.051553
0.051553
0.051553
9.6334
8.77887
52.1409
5.5609
0
0
0
0
0.437872
0.437872
3.90107
3.90107
0
0
37.2708
37.2708
37.2708
1.41089
1.41089
0
0.0519008
8.37322
8.37322
3.83128
3.83128
3.83128
3.83128
2.39002
2.39002
2.39002
2.39002
2.39002
2.39002
2.39002
2.39002
2.39002
2.39002
6.64194
0
0.719119
0.198505
0
0
0
0
0
75.3399
0.675355
2.3247
0
113.131
0.135023
0
4.71965
23.4966
0.431729
5.59847
1.31375
10.502
10.502
0
0
5.67627
0.814713
0.814713
0.814713
0.814713
1.33285
9.22708
7.10593
5.85288
36.1048
14.1499
1.27655
0.278867
2.9911
0.731207
0
0
0
0.0624448
228.659
228.659
33.9471
34.771
4.52775
4.52775
70.7298
1.94879
4.38125
0.0885364
2.82106
0.162677
151.514
0.582435
0.735646
1.32117
1.32117
1.32117
1.32117
3.9167
25.087
22.0897
0
57.9195
0
1.10674
0
0.359919
0.0670037
5.43189
145.309
0.178392
5.17162
0
0.0323591
4.80892
0.848984
16.6457
1.28535
7.24198
25.2793
6.78051
6.78051
6.78051
0
0
0
0
13.9024
0
0
0.15051
12.9086
0
0
0
0.991301
0.302898
0
0
0
0.0279497
50.9057
17.0028
9.53815
0.850338
66.3317
9.01031
9.01031
0
1.87309
522.162
0
6.73651
48.5938
0.0720198
0.32372
0
241.356
19.7989
19.7989
19.7989
16.1064
20.5181
2.05023
0.673248
2.66091
0.00855533
0.00855533
0.00855533
0.754538
3.29404
2.14176
2.14176
32.4038
0
7.69614
3.20587
9.39608
8.11869
0.908056
0.0534473
6.8194
0.600441
0.53848
0.53848
0.53848
0.53848
0.53848
0.53848
0.0306607
10.258
24.5918
1.16618
0
4.07255
1.36798
5.21928
1.44572
16.4425
0.390652
1.39187
1.24941
1.24941
1.24941
15.8358
0.421335
0.421335
0.421335
0.421335
2.4059
35.2438
2.30845
66.9669
2.07097
9.66469
4.46942
0
0
0
0
0
20.4705
2.22263
8.16045
18.0131
9.23504
0.336222
0.336222
0.336222
0.336222
0.336222
0.336222
3.96829
3.96829
27.1905
29.9843
0
0
0
0
0
0
0.0426649
7.05025e-11
0.182935
0
8.84539e-07
1.19121e-10
7.97711e-10
2.4885
0
2.91854e-05
0.759077
0.0706258
0
0
1.09486e-06
1.28841e-10
0.416608
8.6779e-10
3.58318
0
3.71857e-05
1.08428
0.000827706
9.53381e-09
0.00690105
4.05596e-07
0.00115593
1.15367e-08
0.00971323
0.0994814
5.06323e-07
0.419887
19.2915
60.4073
46.9124
56.1793
0.89671
0.89671
27.2341
0.262434
6.60386
0.438919
10.7419
0
2.14311
1.51779
0.0971001
2.5179
0.495148
0
0
0
0
0
0
0
36.6877
3.97786
39.3218
0.0777078
0.0322637
0.847202
44.4909
18.3568
3.40861
7.64672
3.33847e-06
8.59273
33.4582
3.79172
2.90286
0
0
1.4639
20.6432
0.039353
0.0542375
0.0542375
0
0
58.0156
1.16483
0.912227
7.59434
3.77404
0.0295537
0.0295537
0.8425
1.95521
43.6686
19.7852
0.945667
1335.34
536.055
47.8036
200.899
246.477
0.399204
0.497965
0.957645
12.3223
3.22845
3.22845
3.22845
1.26094
7.33552
1.91856
0
6.64128
20.6846
46.3089
16.588
16.588
16.588
16.588
22.7446
108.922
1.03879
0.932155
0.932155
0.852437
0.243138
0.243138
0.243138
0.243138
0.243138
0
0
3.27016
3.27016
3.27016
3.80115
3.80115
0
1.46919
11.4928
617.866
0.164002
0.166647
0.0744242
10.0599
17.4743
3.10415
46.9847
478.5
24.9104
0
0
15.423
2.77399
2453.86
49.224
0.365374
35.6703
237.893
571.288
26.5318
0.33557
14.8272
0.866752
37.0258
76.2497
5.34272
0.00181694
0.124748
44.8118
0.176132
13.383
18.8945
0.0400194
0
0
350.05
0.26318
0.272503
0.838356
0.521633
68.4892
0
84.4435
0.151114
0.0896696
22.13
0.26364
152.359
567.558
12.4033
0.0350584
7.27939
0
1.05346
14.9211
14.8845
28.2642
0
4.90073
4.90073
10.7194
5.65701
0
55.8878
0.84314
10.258
16.8453
16.8453
0.0791108
0
0.0358727
0.0701133
0.146978
0
0.0345838
0.185789
0.197665
0.37856
0.339091
0.517789
0.186391
0
0
0
0.169866
0.190388
11.449
0
0
0
1.26309
0
0.79432
0.80083
0
0
9.60727
0.602477
19.1794
0
0
0
0
0
3.50748
5.98718
19.3301
4.65534
4.65534
4.65534
16.9978
0.23533
0.144642
0
1.45205e-08
1.93101
1.51064
1.35787e-08
12.8893
12.8893
15.6199
0
0
0.120137
113.762
90.2773
0
0
16.158
0
0
0
0.0326749
0.642579
42.8641
0.0955882
4.66887
21.9926
21.9926
0.0844505
0
0
4.2849
0
1.72609
0
25.3671
0
0.381146
0
0.119392
0
1.96591
1.12811
0
0
0
22.4393
13.9493
18.4292
13.0075
43.8834
16.0454
16.0454
58.6194
68.0356
0
0.0432146
0.068247
0.636083
7.14493
0.20412
0.20412
0.20412
0.20412
0.0375327
0.0375327
40.5226
138.177
0.0829337
4.37302
62.3673
11.0376
37.5908
0
0.450841
27.019
47.2057
0
1.43099
6.47452
137.388
0.468664
14.0202
3.73502
144.508
45.4564
15.6351
23.1337
6.78881
3.77846
3.77846
3.77846
3.77846
3.77846
3.77846
5.66218
3.2092
0.805746
1.99086
0
0
0.129442
7.86771
0.173684
6.87471
0.891675
9.83244
0.28036
0
3.72347
4.87727
4.87727
2.12867
2.12867
2.12867
2.12867
12.4379
20.6922
11.7713
7.96961e-06
25.6237
0
0.125399
66.6228
0.61923
31.0587
3.00954
0.703294
12.6771
0.107909
0.107909
11.3837
0.0109041
0.557993
12.9454
25.3317
2.16989
3.02074
19.583
0.939456
88.1134
17.1093
39.4697
34.6828
0.632691
0.0205992
0.0205992
78.9747
409.632
3.53451
13.3771
28.9098
0.133471
94.3318
17.5827
2.44228
43.7379
27.758
5.30915
25.5536
6.70662
303.507
303.507
5.93609
0
2.39451
0.0624448
1.55985
11.1009
1.86275
5.89738
7.44321
56.561
39.9231
12.0768
10.7378
0
24.4336
12.533
32.8186
38.8453
35.3001
49.6341
13.9623
29.2427
5.73894
0
0
0.155041
0
1.33103
27.3353
2.11834
0
30.7468
2.59994
1.21387e-07
1.60521
0
0.0185612
0.0329835
10.9461
11.106
11.106
11.106
0
0
4.2217
0.317752
9.27741
9.27741
53.1795
1160.34
13.9756
21.4226
23.5662
0.392818
0.241201
13.5752
13.5752
1.18833
0
0.219608
4.81447
13.3063
3.24792
52.582
12.549
1.68217
1.68217
1.68217
1.68217
0.156229
1.02404
22.7861
0.0859605
6.39755
45.9677
42.6004
15.795
50.9981
0.470258
3.15924
3.15924
3.15924
0.0738046
1.38552
0
0
0
0
0
22.9119
2.72606
3.85132e-09
179.767
36.1066
3.65837
3.65837
1.20124
0.67182
0.67182
0.651407
6.32552
6.32552
6.32552
6.32552
12.9269
6.46961
1.60171
4.67457
23.635
140.409
41.1113
34.742
7.39249
7.39249
8.05673
9.0488
52.3568
65.3137
5.67581
7.80605
0.499295
37.5462
0.260311
7.87456
12.5802
0.566766
0.0117335
11.1406
19.3077
0
0
0.378506
0.556905
0.556905
0.556905
0
2.46068
0.962579
138.11
0.628637
0.57718
0
2.50039
20.9879
20.9879
0.000165852
0.516952
39.3466
4.47377
4.47377
0
0
0
0
1.47288
0
0
0
0
0
35.0847
35.0847
0.880855
5.79302
1.56187
4.02774
4.02774
4.02774
4.02774
17.8184
0.669985
70.6086
33.6676
5.63128
88.6715
0.532351
0.532351
1.0187
7.08395
7.08395
13.3549
13.3549
15.9102
40.7501
0
0.638077
0.638077
9.37196
9.37196
9.37196
5.85607
27.3487
27.3487
53.2565
2.41025
0.68634
4.56398
1.91695
115.433
2.70612
5.78618
6.73243
49.9492
0.0104842
40.5584
11.7641
19.6419
43.7127
4.2159
440.353
0
451.333
28.7961
0.126994
1.16236e-08
0
0
8.17278
8.17278
4.74828
1.50465e-07
1.03116
0.602895
36366.3
0.778519
0
33.5127
0
0.47044
0
1.97799
0.628182
105.005
10.834
8.51945
11.5217
296.013
6.01993
9.79737
6.31507
2.99689
0.42288
0
50.1238
0.439421
0.439421
0.439421
0.439421
0.107117
4.59658
1.23905
1.27339
4.20821
4.20821
8.50735
3.50446
15.2805
64.5814
1.51711
1.51711
1.51711
0.000118505
39.6966
0.00873671
9.15796
9.15796
9.15796
9.15796
0.650084
0
6.31806
5.54053
65.2568
21.606
116.719
4.29576
30.9414
0.013207
3.85308
6.30962
0.0531284
0.175724
0
0
0
0.078469
0
0
0
0
0
0
0
0
0
0
1.24658
0
0
0.00285263
0.162805
0.126928
0.0108029
0
0
1.44506e-10
0.100104
4.2402
4.2402
4.2402
4.2402
0
0.0100101
0.00967034
0
0
0
0
0
0
0
0
0
0.0321289
0
0.0642579
0.0338239
0
0
0
0
0.0170618
0.0170618
0.0170618
0.0170618
0
2.86943
3.50865
22.9291
3.54924
0
0
0
0
11.6745
0.165974
26.7059
3.47581e-06
1.96786
0
10.0402
1.68018
58.7278
21.5515
0
27.8007
0
0.0341235
0
0
0
0
0
0
0
0
0
0
2.95754e-07
0.0100886
0
0
0
0
0
0.24318
0.100587
97.0733
59.4653
9.92132e-07
3.69575
3.69575
0
0
0.113986
0
0
0
0
0
0
0
0
1.02616
33.729
14.2123
0
9.29992
0.140867
0
0
0
0
0
0
0
0
0
0
0
0
0
0
0
0
0
0
0
0
0
0
0.202055
0
0
0
0
0
0
0
0
0
0
0
0
0
0
0
0
0
0
0
0
0
0
0
0
0
0
0
0
0
0
0
0
0
0.03474
0.206574
0
0
0.100587
3.40729
20.6935
3.42129
51.2065
0
0
0
0
0
0
0
0
0
0
0.582894
78.32
34.9869
0
26.3137
11.3943
11.3943
0
0
0
11.9251
9.04567
78.3747
78.3747
78.3747
78.3747
1.43628
0
70.9629
0.0391039
0.0391039
24.3332
24.3332
24.3332
2.36672
0.680712
0.680712
2.20493
5.54525
5.54525
5.54525
5.54525
7.16379
0
0.495292
57.0176
20.3464
11.5313
11.5313
11.5313
11.5313
11.5313
8.49852
10.0403
0
0
0
0
0
0
0
0
0
0
0
0
23.7716
0
0
0
0
0
0
0
0
0
0
0
0
0
0
0
0
0
0
0
0
0
0
0
0
0
0
0
0
0
0
0
0
0
0
0
0
0
0
0
0
0
0
0
0
0
0
0
0
0
0
0
0
0
0
0
0
0
0
0
0
0
0
0
0
0
0
0
0
0
0
0
0
0
0
0
0
0
0
0
0
0
0
0
0
0
0
0.0707573
0
0
0
0.0707573
0.0342756
0.0707573
0.0659097
0.0987189
0.102827
0.0395554
0.13959
0.0791108
0
0.0342756
0.247651
0
0
0
0
0
0
0
0
0
0
0
0
0
0
0
0
0
0
0
0
0
0.255067
0
0
0
0
0
0
0
0
0
0
0
0.0336758
0
0
0.0659097
0
0.134116
0.482006
0.66006
0.268232
0.314349
0.336045
0.121481
0.274205
0.06948
0.479858
0.0928946
0.06948
0.27792
0.10422
0.0348976
0
0
0
0
0
0
0.0348976
0
0
0
0
0
0
0
0
0
0
0
0
0
0
0
0
0
0
0
0
0
0
0
0
0
0
0
0
0
0
0
0
0
0.0389947
0
0
0
0
0
0
0
0
0
0
0
0
0
0
0
0
0
0
0
0
0
0
0
0
0
0
0
0
0
0
0
0
0
0
0
0
0.0339733
0
0
0
0
0
0
0
0
0
0
0
0
0
0
0
0
0.0389555
0
0
0
0
0
0
0
0
0
0
0
0
60.7822
0
0
0
0
0
0
0
0
0
0
0
0
0.0350567
0
0.0639624
3.47562
1.60694
1.44163
1.44163
1.44163
1.44163
1.44163
1.41311
0
0.0383735
0
0
0
0
0.0997176
0
0.327812
0
0
6.19938
3.57456
0.550084
5.80449
35.1806
7.65172
0.37408
0.37408
0.37408
0.37408
0.370099
1.20704
120.261
246.134
1217.18
0.62532
18.1593
18.1593
52.1512
3.67396
67.6452
45.6468
3.21519
0.337179
2.57474
0
2.1265
60.0298
7.72358
7.72358
16.9111
0.196214
0.000213574
0
69.6191
0
0
16.5606
6.51503
18.1031
0
0
0.469406
1.21169
0
12.8757
19.6135
1.28884
7.10174
17.8804
0.105996
65.8962
2.3932
12.9792
0.930565
0.930565
0.930565
34.1727
3.10071
2.16903
0.429737
0
0
0
0.809395
2.09628
57.525
8.23952
0
0
0
0.183553
151.906
9.7164
5.20675
49.9232
0.613292
0.00111651
0.00111651
0.00111651
0.0819577
1.98673
4.8888
4.8888
4.8888
2.25006
9.63415
0.109748
0
0
0
0.106136
4.81884
1.67814
1.67814
0
1.39611
0.602386
0.196844
0
27.4441
0.060981
0
0
0
0
0
0
1.31355
0.551026
1.36822
0.603157
5.93397
5.47127
1.02833
0.685373
0.685373
0.685373
0.685373
3.28977
0.560615
2.62512
0.664493
0.989742
0.709075
0
0.805347
0
0.0844004
25.1497
4.0377
4.0377
0.269817
0.929578
0.929578
0.929578
0.000609187
6.2112
1.2872
12.6286
71.9029
0
46.9091
15.7903
10.7004
0
0.306814
0.573151
0
0
1.58721e-08
1.58721e-08
1.49029e-05
0.0007585
7.89045e-07
0.0391321
0.452461
0.168269
255.985
22.7726
0.48378
2.22492
1.60978
3.09228
4.5041
1.60992
1.60992
1.60992
12.9791
198.919
8.17973
3.33285
3.33285
0.0132433
0.0132433
0
0
0
0
0
0.296118
0.0349875
1.03452e-07
1.25653e-08
0
0
0
215.304
0
6.9159
0.816559
0.206269
0
0
1.68015
1.66582
1.30441
0.507653
1.18987
1.18987
0
5.22731
4.27517
7.16223
7.14914
0.000140295
0.000140295
0.000140295
0.000140295
0.000140295
0.000140295
0.0542375
0
1.82497
0
0
5.46272
65.6146
0
0
0
0.17071
5.38094
1.47681
1.47681
0.726274
0.0223144
0.0223144
6.93144
0.740041
13.2452
0
158.889
0
1.05353
2.00802
3.37935
0.279507
0.279507
0.279507
0
10.0369
10.0369
1.96894
1.96894
1.96894
1.96894
5.8533
5.8533
5.8533
2.81222
1.92768
1.32007
29.171
18.044
0
4.72081
12.2486
0.952799
5.14286
0.724192
0.724192
9.90547
2.62523
0
0.397565
21.7295
5.42771
5.42771
10.0251
2.55714
2.72138
2.72138
0
0.0439025
4.45317
0.533044
0.533044
0.533044
0.533044
9.55899
0
37.7412
2.75249
6.95095
13.8895
0.209356
415.313
3.16047
3.16047
3.16047
0
0.685576
0.955563
4.58342
6.34438
2.95703
23.3376
0.627076
0.0960264
0.166764
0.138335
0
16.2103
0.552874
0.0875195
0
0.00969472
0.00999713
248.805
1.66409
25.8067
28.1753
175.3
7.44771
0.463903
1.42569
29.0145
5.92179
1518.48
19.6092
9.62196
238.035
0.485738
0
9.66484
1.76444
0
3.43185
0.889451
0.443334
9.48014
9.71108
4.60793
4.60793
11.7954
6.62948
6.62948
6.62948
0.0184277
0
0
0
0
0
0
0
0
0
0.245815
0.590307
1.90208
0.974269
0.425677
15.2543
2.94611e-07
1.05529
7.33006
7.33006
7.33006
0.818285
0.818285
0.818285
0.197735
9.99039
32.6156
9.32065
0
61.4159
5.34744
0.793764
0.0548305
0.0548305
0.0548305
0
0.0148662
0.0967911
0.00642913
0
0.00643529
0
0.31838
0
0.048151
5.14464
3.19019
3.19019
0.460664
10.7565
41.5907
2.68735
4.56636
0.0325602
0.0325602
4.48257
1.00869e-05
0.00127372
0.265911
2.97326
9.41012
10.096
0
0.139956
0.19638
0.19638
0.19638
0
11.5336
4.9647
0.33259
0.194676
0
0.0958412
0
0.012299
0
0
1.73613
0
0.0952635
1.08917
0
0.115678
0.415822
0.0955669
0
0
0
0
0
0
0
0
3.22029e-09
8.91309
0.413696
2.68606
33.1369
14.5887
0.266253
0.266253
0.266253
0.0870511
0.680184
0.123502
0
8.71973
0
0
1.21637
1.15916
0
0.252796
3.64395
3.64395
5.68665
19.3962
25.1874
5.28974
5.28974
5.28974
0.329356
3.44738
0.604145
21.2923
0
12.2628
0.821754
4.86832
0
0.0515997
4.83993
4.33948
3.6641
11.031
0
502.933
0
0
0
0
0
0
0
0
0.0863096
2.89659
0.659359
6.11275
0
0.0942639
0
0
0
0.0869444
0
0.0223337
0
0.596847
0.596847
0
4.74827
4.96463
4.04975
4.04975
1.31125e-05
1.31125e-05
49.3516
0
3.08927
0
0.0480132
0
0.0692614
0.0692614
0
0
0.0357066
0.275158
0
0
0.0678139
0
0.472359
0.717749
0
0.182746
0.182746
0
0
0
0.0573707
0.0565186
4.31158e-06
4.31158e-06
0
0.109535
0.109535
0.109535
0.109535
0.109535
0
0
0
0
6.09096
0.0296518
0.0689225
20.3476
13.3739
0.902127
2.73088
0
3.17691
0
0
0.485531
0
6.56389
0.616292
0
0.558608
0
0.317705
0
0.488161
6.50538
0.428335
18.7942
0.0810936
0.902177
14.0029
14.0029
14.0029
2.01724
0.638672
2.15711
0.247387
6.66453
6.66453
0.530329
3.46e-06
0
0.464504
3.31468
0
1.02858
0.26604
4.70337
16.8404
7.18315
7.18315
7.18315
0
0.2354
0.265939
24.2163
0
0.0805001
3.66369
0.482318
0.482318
0
0
0
20.2664
0.50345
41.1992
29.936
0
0
0.257918
1.31565
8.28234
24.708
0
0
0
0
0
0
0
0.340267
242.652
0.132534
0.38469
0.38469
0.38469
0.0942229
0.363598
0
0
0.131708
23.0355
0.588986
5.75226
5.75226
5.75226
0.458504
0.458504
0.458504
0.458504
0.458504
9.63502
0.0105454
45.5821
2.55288
22.2792
1.19036
1.41876
3.48897
0.946071
11.0151
2.13561e-08
1.26106
4.99783
15.2095
4.08236e-08
4.08236e-08
0
0
110.39
53.6374
452.857
9.69727
23.5211
123.225
8.73042
1.65272
0
0
1.06339e-08
0.309986
0.309986
0.309986
0.309986
6.56907
6.56907
0.38496
0.38496
6.90887
6.90887
1.74958
1.74958
3.78635
9.66211
2.31578
122.854
0.0356434
69.8149
0.0307258
0.0307258
0.0307258
0.0307258
0.0307258
3.11743
0
0.259657
0.106025
0.224622
42.7559
840.726
16.609
0.0320997
0.161171
1.18009
0.0491022
0.0283408
3.5537
0
0.0225961
0.676447
2.46373
0
0.913256
7.73873e-06
7.73873e-06
0
0.313622
1.62354
20.3522
6.68579
4.30845e-05
0.649663
0
0.94714
0.0339095
0
0
0.423629
0
2.58534
27.4579
0.235353
0
0.0439083
0.0439083
0
3.07131
17.1083
0.416995
0
0.950478
0.203308
0.225367
5.81781
0
15.2799
0.185966
0
0
0
0
0
0
0.202033
0
0
0
0.0527842
0
0
44.4153
0
0
0
0
0.565616
0
0.262828
0.151769
0
19.3704
0
9.11779
0
1.14209
1.14209
5.16907
0
20.1018
5.71196
2.07259
0.492768
0
0
0
0.190201
0.00594324
0.00594324
0.00594324
0.696311
6.8226
0
1.33082
0
0
5.08787
2.93797
0
2.1561
0
0
0
0.258
0.258
0.258
0.233612
36.4999
10.0774
10.0774
132.618
14.1839
0.104394
1.2145
4.50342
0.205233
11.5873
35.261
49.5968
6.62057
1.024
6.48528
0
14.202
0.38259
4.44402
1.13053e-06
0.0513857
0.721491
0.173323
2.17744
0
0
0
0.562058
0
113.327
0.218482
0.218482
0.218482
0.831544
5.62891
8.11
0
0.344313
0.122288
4.76677
0.1069
1.60247
0.246224
0.246224
0
0
0
0.828912
0.689341
0.188986
0.387034
2.62227
0.510844
0
0.736314
0.165334
0.60437
0
0.0180262
0
12.1197
0
0
0
0
0
2.82952
0
0
0
2.94006
2.40036
0
0
0
0
0
0
0.34186
0.605453
0.605453
0.605453
7.15867
1.36587
0.153837
0.0664646
23.7877
23.5913
3.63666
1.19148
0.348215
0.348215
0
4.24405
0.0251035
88.3343
74.5492
480.004
45.7991
0.1377
22.5965
0.667415
0.69481
77.6754
0.478982
0.478982
0.478982
0.478982
0.478982
2.27082
2.27082
0.0202843
0.272692
0.272692
0.744782
0.208315
0
16.7658
0.0265781
35.984
2.19156
0.867582
0
523.714
1.4244
2.2787
12.0386
30.2221
0.665257
60.2017
0
0
19.9212
0.994622
0.434622
7.31519
13.4098
0
0.748436
7.14078
7.14078
7.14078
7.14078
7.14078
0.224499
3.89919
3.89919
107.871
0.403845
0.403845
0.976967
3.85382
3.85382
3.85382
3.85382
3.85382
3.85382
0
0
0
0
0
3.70858
0.156778
2.2416
0
20.3345
0.0671706
0.0671706
1.01922
0.899288
0.376055
2.14719
1.96419
0
0
0
0
0.0437037
1.06942
0
0.470077
0.470077
0.470077
86.498
1.61654
1.61654
0.222352
0
0
0
0.218513
20.3567
0.0259682
0.126404
5.48039
0.241511
38.4892
0.382285
0
0.336986
0
0
0
0
2.30242
0.286058
13.6274
16.1517
0.179524
0
0
0.0341235
9.81621
1.62279
63.0648
6.03659
39.3412
1.94784
0.846752
2.96312
0
1.34997
10.3804
1.91308e-07
0
6.1726
14.4764
89.1452
1.79138e-07
1.79138e-07
1.79138e-07
18.3129
0
46.1913
12.5481
26.5151
32.4711
0.146376
0
3.01571
0
2.97635
6.21128
3.85345
0.30869
11.0351
11.0351
0
23.5577
0.592103
149.27
4.943
9.49212
3.24223
0
0.102419
0
23.6505
0.871931
7.71273
0.230389
11.4306
11.4306
20.0284
1.98244
0
0
18.3643
0.147103
0.288685
3.00067
0.928516
0.928516
0
0
3.82989
0.776253
0.776253
1.16944
0.62175
0
52.2414
35.4375
17.2887
2.16055
4.95261
32.0192
1.65472
11.7325
2.36918
20.8836
0
5.01366
3.05521
214.852
3.91936
0.185038
3.67261
0
0.112032
11.3523
3.74052
0.872609
1.54204
0
2.27692
2.27692
2.27692
21.613
7.44444
6.40376
0.40875
0.40875
0.40875
0.40875
0.40875
0.40875
0
0
58.5942
0.815467
0
0.705018
26.1887
7.32078
1.19309
12.8176
0
2.23736
0.144664
0
0.220235
0
0
0
0.0349007
0
0.0645758
0
0
0
0
0
0
0.0538644
0.43899
0
0
0
0
0
0
0
0
0
0
0
0.0940252
0.438606
0.102827
0
0
0.298295
13.628
19.5358
2.64553
3.59898
658.505
469.946
772.604
2875.45
2145.48
1951.83
2132.7
2041.49
717.192
1358.52
668.788
569.391
161.848
738.208
