42
SAMD9L_Antechinus_flavipes        0.0000000 0.0254148 0.1626298 0.1702832 0.1490935 0.1600290 0.1630387 0.1617724 0.1733011 0.0490546 0.1550771 0.1440552 0.1642606 0.1401580 0.1302041 0.1232611 0.0264944 0.0409300 0.0594328 0.1406940 0.1246497 1.0179818 0.9902786 0.9692507 1.0001657 0.9491084 0.9489384 0.9434688 0.9722390 0.9980014 0.9652222 0.9429046 0.9255913 0.9401348 0.9265246 0.8892090 0.8968597 0.9861092 1.0075653 0.9869094 0.9270817 0.9876085 
SAMD9L_Dasyurus_viverrinus        0.0254148 0.0000000 0.1680535 0.1818996 0.1556870 0.1668360 0.1698982 0.1672711 0.1819942 0.0515526 0.1617760 0.1463158 0.1711839 0.1425858 0.1337931 0.1253243 0.0072699 0.0378157 0.0633572 0.1429347 0.1293969 1.0549552 1.0263951 1.0209152 1.0450921 0.9770168 0.9767714 0.9747158 1.0204921 1.0430875 1.0083099 0.9784828 0.9638647 0.9712196 0.9682039 0.9293687 0.9372569 1.0221610 1.0442108 1.0313147 0.9686857 1.0318972 
SAMD9L_Dromiciops_gliroides       0.1626298 0.1680535 0.0000000 0.1671058 0.1641900 0.1654305 0.1700821 0.1666753 0.1660403 0.1718556 0.1639021 0.1440268 0.1555176 0.1400722 0.1287162 0.1198840 0.1680535 0.1762697 0.1686077 0.1476010 0.1391545 1.0094131 0.9917991 0.9699263 1.0274518 0.9338190 0.9396274 0.9342317 0.9536054 1.0378227 0.9432582 0.9183925 0.9402316 0.9309566 0.9231847 0.8820371 0.9052480 0.9912289 1.0025081 0.9591569 0.9365713 0.9446640 
SAMD9L_Gracilinanus_agilis        0.1702832 0.1818996 0.1671058 0.0000000 0.1790894 0.1841289 0.1826163 0.1717313 0.0620391 0.1708771 0.1742448 0.1558728 0.1886906 0.1747721 0.1546027 0.1451094 0.1789249 0.1858202 0.1647664 0.1589407 0.1611425 1.0222158 0.9954152 1.0011472 1.0062343 0.9371595 0.9111689 0.9135093 0.9703528 1.0101515 0.9448298 0.9207218 0.9373252 0.9335477 0.9148655 0.8948727 0.9225695 1.0028942 1.0152640 0.9647866 0.9370922 0.9355990 
SAMD9L_Lagorchestes_hirsutus      0.1490935 0.1556870 0.1641900 0.1790894 0.0000000 0.0255925 0.0256077 0.1608559 0.1862918 0.1589708 0.0211986 0.1088803 0.0473741 0.1162584 0.1080456 0.0996621 0.1585783 0.1677424 0.1544590 0.1109374 0.1264492 1.0010414 0.9552182 0.9560775 1.0144991 0.9403397 0.9220025 0.9166707 0.9474797 0.9936167 0.9236944 0.9117658 0.9255757 0.9577761 0.9001959 0.8570287 0.8883703 0.9590071 0.9838434 0.9541534 0.9067822 0.9415947 
SAMD9L_Macropus_fuliginosus       0.1600290 0.1668360 0.1654305 0.1841289 0.0255925 0.0000000 0.0041480 0.1656283 0.1866987 0.1702221 0.0168954 0.1129999 0.0498005 0.1173419 0.1119851 0.1009385 0.1697942 0.1772355 0.1655849 0.1151017 0.1321750 1.0230587 0.9798525 0.9768457 1.0272536 0.9610165 0.9422520 0.9367945 0.9626564 1.0145194 0.9471314 0.9317382 0.9412771 0.9787663 0.9198563 0.8788889 0.9109760 0.9837797 0.9998123 0.9786127 0.9221078 0.9656677 
SAMD9L_Macropus_giganteus         0.1630387 0.1698982 0.1700821 0.1826163 0.0256077 0.0041480 0.0000000 0.1686882 0.1868314 0.1733092 0.0169054 0.1156844 0.0498314 0.1200852 0.1147007 0.1035830 0.1699136 0.1803504 0.1686418 0.1178137 0.1349948 1.0289118 0.9855043 0.9824550 1.0282475 0.9665738 0.9477146 0.9422292 0.9681893 1.0203684 0.9525742 0.9371371 0.9467124 0.9843891 0.9251840 0.8840308 0.9162601 0.9894604 1.0055406 0.9842640 0.9274419 0.9585735 
SAMD9L_Macrotis_lagotis           0.1617724 0.1672711 0.1666753 0.1717313 0.1608559 0.1656283 0.1686882 0.0000000 0.1797746 0.1572623 0.1634826 0.1337885 0.1668628 0.1480801 0.1307215 0.1261600 0.1686853 0.1717189 0.1593875 0.1345110 0.1408652 1.0125534 0.9825380 1.0107502 1.0333794 0.9544406 0.9561914 0.9506857 0.9827151 1.0531961 0.9798229 0.9310278 0.9507898 0.9630863 0.9546142 0.9118237 0.9227882 0.9945708 1.0267447 0.9871638 0.9308284 0.9742901 
SAMD9L_Monodelphis_domestica      0.1733011 0.1819942 0.1660403 0.0620391 0.1862918 0.1866987 0.1868314 0.1797746 0.0000000 0.1754177 0.1848316 0.1702606 0.1880078 0.1874379 0.1669806 0.1586610 0.1790164 0.1921543 0.1783526 0.1661494 0.1663285 1.0653165 1.0282831 1.0239081 1.0386365 0.9850149 0.9544229 0.9568225 1.0060634 1.0379431 0.9769079 0.9675465 0.9709359 0.9593624 0.9634511 0.9270270 0.9477828 1.0397733 1.0559671 0.9897164 0.9660019 0.9773246 
SAMD9L_Myrmecobius_fasciatus      0.0490546 0.0515526 0.1718556 0.1708771 0.1589708 0.1702221 0.1733092 0.1572623 0.1754177 0.0000000 0.1635993 0.1427268 0.1727720 0.1515172 0.1415708 0.1329288 0.0527890 0.0564967 0.0483737 0.1463173 0.1313149 1.0343942 0.9866575 1.0011118 1.0460860 0.9510422 0.9601447 0.9546157 1.0052175 1.0440891 0.9607071 0.9505038 0.9497228 0.9479230 0.9496572 0.9082228 0.9159726 1.0022063 1.0121104 0.9831020 0.9467152 0.9908616 
SAMD9L_Notamacropus_eugenii       0.1550771 0.1617760 0.1639021 0.1742448 0.0211986 0.0168954 0.0169054 0.1634826 0.1848316 0.1635993 0.0000000 0.1061349 0.0427203 0.1160649 0.1078688 0.0969388 0.1646989 0.1767776 0.1618725 0.1081620 0.1289389 1.0086181 0.9625152 0.9711314 1.0246172 0.9587858 0.9434280 0.9379832 0.9570807 1.0082572 0.9339799 0.9296964 0.9358933 0.9764344 0.9146751 0.8667395 0.8983525 0.9663409 0.9913069 0.9648339 0.9169101 0.9442151 
SAMD9L_Phalanger_gymnotis         0.1440552 0.1463158 0.1440268 0.1558728 0.1088803 0.1129999 0.1156844 0.1337885 0.1702606 0.1427268 0.1061349 0.0000000 0.1219863 0.0970839 0.0843760 0.0766064 0.1491262 0.1578693 0.1395469 0.0377051 0.0925956 0.9803747 0.9613326 0.9651498 1.0169162 0.9127842 0.9000489 0.8948242 0.9505648 1.0174841 0.9262228 0.8986174 0.8845820 0.9263126 0.8911006 0.8436578 0.8775170 0.9615925 0.9827065 0.9579337 0.8770214 0.9342337 
SAMD9L_Potorous_gilbertii         0.1642606 0.1711839 0.1555176 0.1886906 0.0473741 0.0498005 0.0498314 0.1668628 0.1880078 0.1727720 0.0427203 0.1219863 0.0000000 0.1209655 0.1127565 0.1042286 0.1741823 0.1865858 0.1679315 0.1200682 0.1315342 0.9610302 0.9174344 0.9294499 0.9537725 0.9250807 0.8985268 0.8933101 0.9074931 0.9481022 0.8895897 0.8969040 0.8758915 0.9423586 0.8676211 0.8324694 0.8591842 0.9210441 0.9487617 0.9231135 0.8580302 0.9033012 
SAMD9L_Pseudocheirus_occidentalis 0.1401580 0.1425858 0.1400722 0.1747721 0.1162584 0.1173419 0.1200852 0.1480801 0.1874379 0.1515172 0.1160649 0.0970839 0.1209655 0.0000000 0.0502903 0.0422250 0.1453863 0.1511769 0.1476250 0.0963858 0.0954416 0.9437179 0.9347860 0.9217418 0.9658550 0.8620517 0.8672866 0.8622360 0.8983289 0.9617436 0.8855897 0.8603721 0.8598159 0.8861764 0.8606450 0.8370601 0.8474532 0.9462691 0.9441814 0.9340467 0.8652962 0.8743127 
SAMD9L_Pseudochirops_corinnae     0.1302041 0.1337931 0.1287162 0.1546027 0.1080456 0.1119851 0.1147007 0.1307215 0.1669806 0.1415708 0.1078688 0.0843760 0.1127565 0.0502903 0.0000000 0.0125747 0.1365459 0.1450813 0.1401892 0.0823680 0.0851564 0.9216891 0.8895467 0.9011350 0.9583354 0.8411756 0.8521523 0.8471470 0.8778474 0.9540462 0.8613907 0.8365010 0.8428254 0.8766139 0.8402002 0.8088162 0.8347002 0.9005480 0.9187517 0.9045460 0.8416048 0.8648705 
SAMD9L_Pseudochirops_cupreus      0.1232611 0.1253243 0.1198840 0.1451094 0.0996621 0.1009385 0.1035830 0.1261600 0.1586610 0.1329288 0.0969388 0.0766064 0.1042286 0.0422250 0.0125747 0.0000000 0.1280329 0.1378906 0.1315723 0.0745964 0.0797527 0.9042100 0.8787737 0.8874142 0.9479125 0.8407544 0.8430484 0.8381101 0.8756305 0.9403160 0.8483715 0.8276189 0.8465510 0.8599336 0.8313615 0.8003476 0.8259182 0.8896308 0.9047040 0.8906991 0.8327566 0.8484876 
SAMD9L_Sarcophilus_harrisii       0.0264944 0.0072699 0.1680535 0.1789249 0.1585783 0.1697942 0.1699136 0.1686853 0.1790164 0.0527890 0.1646989 0.1491262 0.1741823 0.1453863 0.1365459 0.1280329 0.0000000 0.0343951 0.0621627 0.1457446 0.1332051 1.0600108 1.0313719 1.0210987 1.0393464 0.9852823 0.9850654 0.9829899 1.0160466 1.0422230 1.0084951 0.9867509 0.9799380 0.9794557 0.9763481 0.9372639 0.9451888 1.0271349 1.0528764 1.0314977 0.9768134 1.0356071 
SAMD9L_Sminthopsis_crassicaudata  0.0409300 0.0378157 0.1762697 0.1858202 0.1677424 0.1772355 0.1803504 0.1717189 0.1921543 0.0564967 0.1767776 0.1578693 0.1865858 0.1511769 0.1450813 0.1378906 0.0343951 0.0000000 0.0586672 0.1544687 0.1389533 1.0555867 1.0140526 1.0036230 1.0312191 0.9706946 0.9822493 0.9765881 1.0106546 1.0317479 0.9961358 0.9687572 0.9586840 0.9581582 0.9508903 0.9245140 0.9323797 1.0311668 1.0399537 1.0187999 0.9601802 1.0181210 
SAMD9L_Thylacinus_cynocephalus    0.0594328 0.0633572 0.1686077 0.1647664 0.1544590 0.1655849 0.1686418 0.1593875 0.1783526 0.0483737 0.1618725 0.1395469 0.1679315 0.1476250 0.1401892 0.1315723 0.0621627 0.0586672 0.0000000 0.1430922 0.1382026 1.0475157 1.0191433 0.9916258 1.0218322 0.9530975 0.9713733 0.9657799 1.0131254 1.0245812 0.9827725 0.9580690 0.9535989 0.9440743 0.9502218 0.9118617 0.9247244 1.0232406 1.0284167 1.0002649 0.9505701 0.9997107 
SAMD9L_Trichosurus_vulpecula      0.1406940 0.1429347 0.1476010 0.1589407 0.1109374 0.1151017 0.1178137 0.1345110 0.1661494 0.1463173 0.1081620 0.0377051 0.1200682 0.0963858 0.0823680 0.0745964 0.1457446 0.1544687 0.1430922 0.0000000 0.0956500 0.9698500 0.9543760 0.9584142 1.0089094 0.9050629 0.8999324 0.8946879 0.9548080 1.0012014 0.9151931 0.8909514 0.8770160 0.9185738 0.8835217 0.8361908 0.8699784 0.9546205 0.9677315 0.9422976 0.8727700 0.9395584 
SAMD9L_Vombatus_ursinus           0.1246497 0.1293969 0.1391545 0.1611425 0.1264492 0.1321750 0.1349948 0.1408652 0.1663285 0.1313149 0.1289389 0.0925956 0.1315342 0.0954416 0.0851564 0.0797527 0.1332051 0.1389533 0.1382026 0.0956500 0.0000000 0.9613125 0.9355202 0.9423663 1.0076643 0.8901688 0.8890459 0.8839035 0.9172497 0.9986741 0.9135065 0.8762027 0.8925888 0.9087280 0.8819751 0.8459439 0.8620015 0.9391984 0.9713931 0.9627368 0.8923238 0.8855985 
SAMD9_Antechinus_flavipes         1.0179818 1.0549552 1.0094131 1.0222158 1.0010414 1.0230587 1.0289118 1.0125534 1.0653165 1.0343942 1.0086181 0.9803747 0.9610302 0.9437179 0.9216891 0.9042100 1.0600108 1.0555867 1.0475157 0.9698500 0.9613125 0.0000000 0.0560573 0.1816180 0.2913724 0.1807169 0.1876396 0.1879774 0.2161483 0.2961098 0.1032996 0.1780391 0.1806115 0.1786838 0.1787188 0.1739840 0.1843926 0.0489492 0.0591639 0.0940105 0.1842853 0.1818768 
SAMD9_Dasyurus_viverrinus         0.9902786 1.0263951 0.9917991 0.9954152 0.9552182 0.9798525 0.9855043 0.9825380 1.0282831 0.9866575 0.9625152 0.9613326 0.9174344 0.9347860 0.8895467 0.8787737 1.0313719 1.0140526 1.0191433 0.9543760 0.9355202 0.0560573 0.0000000 0.1916066 0.2992395 0.1799189 0.1984063 0.1987728 0.2161793 0.2982061 0.1011797 0.1854034 0.1888359 0.1792574 0.1792847 0.1782975 0.1914758 0.0191460 0.0678837 0.0976878 0.1894981 0.1856864 
SAMD9_Dromiciops_gliroides        0.9692507 1.0209152 0.9699263 1.0011472 0.9560775 0.9768457 0.9824550 1.0107502 1.0239081 1.0011118 0.9711314 0.9651498 0.9294499 0.9217418 0.9011350 0.8874142 1.0210987 1.0036230 0.9916258 0.9584142 0.9423663 0.1816180 0.1916066 0.0000000 0.2611800 0.1193389 0.1226132 0.1228108 0.1612194 0.2498842 0.1791233 0.1201035 0.1353531 0.1260275 0.1301943 0.1324125 0.1319126 0.1889667 0.1874489 0.1608151 0.1293519 0.1280512 
SAMD9_Gracilinanus_agilis         1.0001657 1.0450921 1.0274518 1.0062343 1.0144991 1.0272536 1.0282475 1.0333794 1.0386365 1.0460860 1.0246172 1.0169162 0.9537725 0.9658550 0.9583354 0.9479125 1.0393464 1.0312191 1.0218322 1.0089094 1.0076643 0.2913724 0.2992395 0.2611800 0.0000000 0.2533177 0.2578688 0.2583826 0.2802632 0.0879937 0.2937944 0.2537762 0.2517829 0.2721590 0.2669721 0.2743364 0.2751570 0.3053450 0.2847623 0.2790167 0.2542455 0.2643533 
SAMD9_Lagorchestes_hirsutus       0.9491084 0.9770168 0.9338190 0.9371595 0.9403397 0.9610165 0.9665738 0.9544406 0.9850149 0.9510422 0.9587858 0.9127842 0.9250807 0.8620517 0.8411756 0.8407544 0.9852823 0.9706946 0.9530975 0.9050629 0.8901688 0.1807169 0.1799189 0.1193389 0.2533177 0.0000000 0.0426150 0.0426745 0.1698053 0.2507580 0.1781963 0.0300443 0.1153993 0.0483792 0.1113842 0.1181323 0.1136652 0.1848915 0.1783363 0.1729700 0.1062619 0.1204513 
SAMD9_Macropus_fuliginosus        0.9489384 0.9767714 0.9396274 0.9111689 0.9220025 0.9422520 0.9477146 0.9561914 0.9544229 0.9601447 0.9434280 0.9000489 0.8985268 0.8672866 0.8521523 0.8430484 0.9850654 0.9822493 0.9713733 0.8999324 0.8890459 0.1876396 0.1984063 0.1226132 0.2578688 0.0426150 0.0000000 0.0020607 0.1769691 0.2594231 0.1822909 0.0277380 0.1122654 0.0507782 0.1173170 0.1243562 0.1185512 0.1940820 0.1828220 0.1740575 0.0993269 0.1207091 
SAMD9_Macropus_giganteus          0.9434688 0.9747158 0.9342317 0.9135093 0.9166707 0.9367945 0.9422292 0.9506857 0.9568225 0.9546157 0.9379832 0.8948242 0.8933101 0.8622360 0.8471470 0.8381101 0.9829899 0.9765881 0.9657799 0.8946879 0.8839035 0.1879774 0.1987728 0.1228108 0.2583826 0.0426745 0.0020607 0.0000000 0.1772835 0.2599411 0.1812398 0.0277754 0.1124423 0.0508502 0.1175028 0.1245557 0.1187393 0.1944392 0.1817605 0.1743657 0.0967275 0.1209062 
SAMD9_Macrotis_lagotis            0.9722390 1.0204921 0.9536054 0.9703528 0.9474797 0.9626564 0.9681893 0.9827151 1.0060634 1.0052175 0.9570807 0.9505648 0.9074931 0.8983289 0.8778474 0.8756305 1.0160466 1.0106546 1.0131254 0.9548080 0.9172497 0.2161483 0.2161793 0.1612194 0.2802632 0.1698053 0.1769691 0.1772835 0.0000000 0.2764532 0.2004478 0.1717688 0.1659967 0.1760009 0.1728616 0.1625751 0.1662995 0.2165844 0.2099487 0.1890312 0.1663369 0.1665757 
SAMD9_Monodelphis_domestica       0.9980014 1.0430875 1.0378227 1.0101515 0.9936167 1.0145194 1.0203684 1.0531961 1.0379431 1.0440891 1.0082572 1.0174841 0.9481022 0.9617436 0.9540462 0.9403160 1.0422230 1.0317479 1.0245812 1.0012014 0.9986741 0.2961098 0.2982061 0.2498842 0.0879937 0.2507580 0.2594231 0.2599411 0.2764532 0.0000000 0.2951734 0.2531064 0.2471708 0.2670937 0.2589488 0.2563122 0.2674826 0.3005191 0.2856683 0.2784702 0.2511229 0.2709712 
SAMD9_Myrmecobius_fasciatus       0.9652222 1.0083099 0.9432582 0.9448298 0.9236944 0.9471314 0.9525742 0.9798229 0.9769079 0.9607071 0.9339799 0.9262228 0.8895897 0.8855897 0.8613907 0.8483715 1.0084951 0.9961358 0.9827725 0.9151931 0.9135065 0.1032996 0.1011797 0.1791233 0.2937944 0.1781963 0.1822909 0.1812398 0.2004478 0.2951734 0.0000000 0.1726417 0.1781200 0.1730300 0.1721904 0.1762172 0.1851057 0.1027150 0.0987555 0.0856072 0.1726887 0.1814920 
SAMD9_Notamacropus_eugenii        0.9429046 0.9784828 0.9183925 0.9207218 0.9117658 0.9317382 0.9371371 0.9310278 0.9675465 0.9505038 0.9296964 0.8986174 0.8969040 0.8603721 0.8365010 0.8276189 0.9867509 0.9687572 0.9580690 0.8909514 0.8762027 0.1780391 0.1854034 0.1201035 0.2537762 0.0300443 0.0277380 0.0277754 0.1717688 0.2531064 0.1726417 0.0000000 0.1059974 0.0458340 0.1107413 0.1174452 0.1130094 0.1820503 0.1747042 0.1676418 0.0979879 0.1119706 
SAMD9_Phalanger_gymnotis          0.9255913 0.9638647 0.9402316 0.9373252 0.9255757 0.9412771 0.9467124 0.9507898 0.9709359 0.9497228 0.9358933 0.8845820 0.8758915 0.8598159 0.8428254 0.8465510 0.9799380 0.9586840 0.9535989 0.8770160 0.8925888 0.1806115 0.1888359 0.1353531 0.2517829 0.1153993 0.1122654 0.1124423 0.1659967 0.2471708 0.1781200 0.1059974 0.0000000 0.1181168 0.1167852 0.1171630 0.1207592 0.1831497 0.1753115 0.1620113 0.0329842 0.1189856 
SAMD9_Potorous_gilbertii          0.9401348 0.9712196 0.9309566 0.9335477 0.9577761 0.9787663 0.9843891 0.9630863 0.9593624 0.9479230 0.9764344 0.9263126 0.9423586 0.8861764 0.8766139 0.8599336 0.9794557 0.9581582 0.9440743 0.9185738 0.9087280 0.1786838 0.1792574 0.1260275 0.2721590 0.0483792 0.0507782 0.0508502 0.1760009 0.2670937 0.1730300 0.0458340 0.1181168 0.0000000 0.1190254 0.1245399 0.1189567 0.1780871 0.1797695 0.1739714 0.1085115 0.1117617 
SAMD9_Pseudocheirus_occidentalis  0.9265246 0.9682039 0.9231847 0.9148655 0.9001959 0.9198563 0.9251840 0.9546142 0.9634511 0.9496572 0.9146751 0.8911006 0.8676211 0.8606450 0.8402002 0.8313615 0.9763481 0.9508903 0.9502218 0.8835217 0.8819751 0.1787188 0.1792847 0.1301943 0.2669721 0.1113842 0.1173170 0.1175028 0.1728616 0.2589488 0.1721904 0.1107413 0.1167852 0.1190254 0.0000000 0.0649538 0.0636885 0.1782267 0.1723075 0.1595826 0.1063949 0.1262312 
SAMD9_Pseudochirops_corinnae      0.8892090 0.9293687 0.8820371 0.8948727 0.8570287 0.8788889 0.8840308 0.9118237 0.9270270 0.9082228 0.8667395 0.8436578 0.8324694 0.8370601 0.8088162 0.8003476 0.9372639 0.9245140 0.9118617 0.8361908 0.8459439 0.1739840 0.1782975 0.1324125 0.2743364 0.1181323 0.1243562 0.1245557 0.1625751 0.2563122 0.1762172 0.1174452 0.1171630 0.1245399 0.0649538 0.0000000 0.0241233 0.1742578 0.1692113 0.1605594 0.1157897 0.1276703 
SAMD9_Pseudochirops_cupreus       0.8968597 0.9372569 0.9052480 0.9225695 0.8883703 0.9109760 0.9162601 0.9227882 0.9477828 0.9159726 0.8983525 0.8775170 0.8591842 0.8474532 0.8347002 0.8259182 0.9451888 0.9323797 0.9247244 0.8699784 0.8620015 0.1843926 0.1914758 0.1319126 0.2751570 0.1136652 0.1185512 0.1187393 0.1662995 0.2674826 0.1851057 0.1130094 0.1207592 0.1189567 0.0636885 0.0241233 0.0000000 0.1873588 0.1746823 0.1722474 0.1167472 0.1272500 
SAMD9_Sarcophilus_harrisii        0.9861092 1.0221610 0.9912289 1.0028942 0.9590071 0.9837797 0.9894604 0.9945708 1.0397733 1.0022063 0.9663409 0.9615925 0.9210441 0.9462691 0.9005480 0.8896308 1.0271349 1.0311668 1.0232406 0.9546205 0.9391984 0.0489492 0.0191460 0.1889667 0.3053450 0.1848915 0.1940820 0.1944392 0.2165844 0.3005191 0.1027150 0.1820503 0.1831497 0.1780871 0.1782267 0.1742578 0.1873588 0.0000000 0.0606200 0.1030875 0.1868698 0.1861122 
SAMD9_Sminthopsis_crassicaudata   1.0075653 1.0442108 1.0025081 1.0152640 0.9838434 0.9998123 1.0055406 1.0267447 1.0559671 1.0121104 0.9913069 0.9827065 0.9487617 0.9441814 0.9187517 0.9047040 1.0528764 1.0399537 1.0284167 0.9677315 0.9713931 0.0591639 0.0678837 0.1874489 0.2847623 0.1783363 0.1828220 0.1817605 0.2099487 0.2856683 0.0987555 0.1747042 0.1753115 0.1797695 0.1723075 0.1692113 0.1746823 0.0606200 0.0000000 0.0914844 0.1791718 0.1841539 
SAMD9_Thylacinus_cynocephalus     0.9869094 1.0313147 0.9591569 0.9647866 0.9541534 0.9786127 0.9842640 0.9871638 0.9897164 0.9831020 0.9648339 0.9579337 0.9231135 0.9340467 0.9045460 0.8906991 1.0314977 1.0187999 1.0002649 0.9422976 0.9627368 0.0940105 0.0976878 0.1608151 0.2790167 0.1729700 0.1740575 0.1743657 0.1890312 0.2784702 0.0856072 0.1676418 0.1620113 0.1739714 0.1595826 0.1605594 0.1722474 0.1030875 0.0914844 0.0000000 0.1599765 0.1742165 
SAMD9_Trichosurus_vulpecula       0.9270817 0.9686857 0.9365713 0.9370922 0.9067822 0.9221078 0.9274419 0.9308284 0.9660019 0.9467152 0.9169101 0.8770214 0.8580302 0.8652962 0.8416048 0.8327566 0.9768134 0.9601802 0.9505701 0.8727700 0.8923238 0.1842853 0.1894981 0.1293519 0.2542455 0.1062619 0.0993269 0.0967275 0.1663369 0.2511229 0.1726887 0.0979879 0.0329842 0.1085115 0.1063949 0.1157897 0.1167472 0.1868698 0.1791718 0.1599765 0.0000000 0.1081338 
SAMD9_Vombatus_ursinus            0.9876085 1.0318972 0.9446640 0.9355990 0.9415947 0.9656677 0.9585735 0.9742901 0.9773246 0.9908616 0.9442151 0.9342337 0.9033012 0.8743127 0.8648705 0.8484876 1.0356071 1.0181210 0.9997107 0.9395584 0.8855985 0.1818768 0.1856864 0.1280512 0.2643533 0.1204513 0.1207091 0.1209062 0.1665757 0.2709712 0.1814920 0.1119706 0.1189856 0.1117617 0.1262312 0.1276703 0.1272500 0.1861122 0.1841539 0.1742165 0.1081338 0.0000000 
