42
SAMD9L_Antechinus_flavipes        0.0000000 0.0467304 0.1863811 0.2044522 0.2019707 0.2009946 0.2058152 0.1968694 0.2162547 0.0934851 0.2025736 0.2072443 0.2059087 0.2161311 0.2095441 0.2185668 0.0453805 0.0506614 0.1146180 0.1815408 0.2065814 0.6514138 0.6644341 0.6075666 0.6453104 0.6459211 0.6223873 0.6276453 0.6495693 0.6238042 0.6246524 0.6524371 0.6165158 0.6913597 0.6396577 0.6539156 0.6425176 0.6641145 0.6784567 0.6456753 0.6207843 0.6501235 
SAMD9L_Dasyurus_viverrinus        0.0467304 0.0000000 0.1712331 0.2010303 0.1960743 0.1934690 0.1949009 0.1833030 0.2077439 0.0824458 0.1933048 0.2012017 0.1981024 0.2186857 0.2085869 0.2175575 0.0097798 0.0492497 0.1113891 0.1775384 0.2021012 0.6489518 0.6739014 0.6232859 0.6392570 0.6494563 0.6257025 0.6310076 0.6619236 0.6178220 0.6254547 0.6495363 0.6225586 0.6990706 0.6521189 0.6466785 0.6457190 0.6705141 0.6878637 0.6496123 0.6331485 0.6493128 
SAMD9L_Dromiciops_gliroides       0.1863811 0.1712331 0.0000000 0.1603114 0.1613677 0.1634451 0.1617364 0.1400881 0.1706820 0.1622852 0.1586718 0.1565693 0.1592813 0.1655948 0.1549267 0.1643538 0.1770105 0.1717079 0.1807970 0.1336824 0.1488993 0.5785351 0.5958065 0.5514696 0.5877669 0.5826144 0.5740118 0.5787551 0.5682092 0.5844318 0.5530823 0.5881356 0.5611420 0.6217046 0.5973759 0.6045573 0.5992991 0.5883129 0.5963248 0.5542215 0.5682963 0.5630416 
SAMD9L_Gracilinanus_agilis        0.2044522 0.2010303 0.1603114 0.0000000 0.1923575 0.1910339 0.1942455 0.1663438 0.0705648 0.1926126 0.1909053 0.1855296 0.2031138 0.2007935 0.1801885 0.1915766 0.2039200 0.1911845 0.2014299 0.1685009 0.1871232 0.6137050 0.6456097 0.5586481 0.5958778 0.6317212 0.6258551 0.6310517 0.6177775 0.6156708 0.6036551 0.6452194 0.5964406 0.6723907 0.6244839 0.6282828 0.6106240 0.6335132 0.6547151 0.6182796 0.6024974 0.5960845 
SAMD9L_Lagorchestes_hirsutus      0.2019707 0.1960743 0.1613677 0.1923575 0.0000000 0.0272171 0.0260370 0.1657519 0.1929220 0.1861826 0.0295288 0.1126941 0.0380113 0.1281973 0.1129390 0.1215082 0.2007295 0.1950236 0.2035472 0.1006801 0.1248388 0.6482670 0.6882082 0.6400222 0.6370957 0.6684749 0.6569392 0.6625594 0.6435028 0.6022527 0.6391609 0.6639061 0.6410711 0.7281699 0.6795597 0.7010760 0.6881392 0.6755703 0.6962648 0.6350364 0.6477023 0.6670081 
SAMD9L_Macropus_fuliginosus       0.2009946 0.1934690 0.1634451 0.1910339 0.0272171 0.0000000 0.0100078 0.1648293 0.1989712 0.1853616 0.0214394 0.1102056 0.0369205 0.1256840 0.1104448 0.1189974 0.1981282 0.1891646 0.2026860 0.0982354 0.1209753 0.6350781 0.6776268 0.6300798 0.6497010 0.6582802 0.6494761 0.6550435 0.6386363 0.6075148 0.6246640 0.6563743 0.6244848 0.7174815 0.6761485 0.6837832 0.6778250 0.6688655 0.6825716 0.6315794 0.6311210 0.6502539 
SAMD9L_Macropus_giganteus         0.2058152 0.1949009 0.1617364 0.1942455 0.0260370 0.0100078 0.0000000 0.1631030 0.1988604 0.1867760 0.0157028 0.1142491 0.0380849 0.1255254 0.1103088 0.1188484 0.1995614 0.1938790 0.2023757 0.0994851 0.1236252 0.6457571 0.6884915 0.6405478 0.6536689 0.6622806 0.6468035 0.6523241 0.6469192 0.6115549 0.6360324 0.6536425 0.6351560 0.7213365 0.6869386 0.6945886 0.6886270 0.6796925 0.6933985 0.6355925 0.6417556 0.6476164 
SAMD9L_Macrotis_lagotis           0.1968694 0.1833030 0.1400881 0.1663438 0.1657519 0.1648293 0.1631030 0.0000000 0.1799339 0.1764175 0.1646781 0.1834868 0.1716684 0.1702665 0.1694286 0.1823839 0.1892479 0.1876118 0.1954872 0.1609640 0.1693006 0.6271881 0.6461406 0.6185647 0.6274072 0.6513251 0.6385626 0.6438487 0.6113136 0.6269060 0.6093607 0.6538987 0.6213418 0.6890135 0.6484914 0.6619110 0.6473232 0.6537491 0.6464654 0.6112866 0.6321014 0.6241556 
SAMD9L_Monodelphis_domestica      0.2162547 0.2077439 0.1706820 0.0705648 0.1929220 0.1989712 0.1988604 0.1799339 0.0000000 0.1907458 0.1972206 0.1986475 0.2028439 0.2142649 0.1964572 0.2016781 0.2106712 0.1992906 0.2114910 0.1778574 0.2019239 0.6632522 0.6886523 0.6133508 0.6324424 0.6821835 0.6822425 0.6878568 0.6451483 0.6485047 0.6573756 0.7030432 0.6393169 0.7150883 0.6618042 0.6883152 0.6732569 0.6785550 0.7105596 0.6677836 0.6557344 0.6437449 
SAMD9L_Myrmecobius_fasciatus      0.0934851 0.0824458 0.1622852 0.1926126 0.1861826 0.1853616 0.1867760 0.1764175 0.1907458 0.0000000 0.1798687 0.2035799 0.1842402 0.2040431 0.1941985 0.2045081 0.0835704 0.0769658 0.0826532 0.1704684 0.1914571 0.6515035 0.6706076 0.5921936 0.6256273 0.6496689 0.6494423 0.6548904 0.6280313 0.6255568 0.6301349 0.6556625 0.6325400 0.6850030 0.6389779 0.6464595 0.6380017 0.6647520 0.6848053 0.6405686 0.6439972 0.6373041 
SAMD9L_Notamacropus_eugenii       0.2025736 0.1933048 0.1586718 0.1909053 0.0295288 0.0214394 0.0157028 0.1646781 0.1972206 0.1798687 0.0000000 0.1142283 0.0380801 0.1255033 0.1102884 0.1188270 0.1979593 0.1905839 0.1951984 0.0994663 0.1264163 0.6603356 0.6998604 0.6517808 0.6579263 0.6715190 0.6625060 0.6681800 0.6631731 0.6257319 0.6475551 0.6695419 0.6469642 0.7316228 0.6965397 0.6929035 0.6869286 0.6950027 0.7089296 0.6468757 0.6536182 0.6564290 
SAMD9L_Phalanger_gymnotis         0.2072443 0.2012017 0.1565693 0.1855296 0.1126941 0.1102056 0.1142491 0.1834868 0.1986475 0.2035799 0.1142283 0.0000000 0.1206261 0.1179362 0.1124817 0.1182863 0.2041180 0.1977079 0.2156786 0.0454049 0.1225782 0.6738024 0.7153519 0.6522148 0.6711930 0.6951637 0.6857895 0.6916448 0.6729941 0.6383368 0.6720735 0.6998144 0.6429981 0.7484799 0.6969337 0.7062835 0.6946535 0.6981728 0.7124262 0.6567837 0.6676335 0.6890736 
SAMD9L_Potorous_gilbertii         0.2059087 0.1981024 0.1592813 0.2031138 0.0380113 0.0369205 0.0380849 0.1716684 0.2028439 0.1842402 0.0380801 0.1206261 0.0000000 0.1278371 0.1152645 0.1239375 0.2027771 0.1928421 0.1998125 0.1028489 0.1258103 0.6808139 0.7214898 0.6547761 0.6536626 0.7011411 0.6916622 0.6975713 0.6601651 0.6243924 0.6646579 0.6990012 0.6660575 0.7525811 0.7055037 0.7207175 0.7214336 0.7164686 0.7338929 0.6622455 0.6791577 0.6718434 
SAMD9L_Pseudocheirus_occidentalis 0.2161311 0.2186857 0.1655948 0.2007935 0.1281973 0.1256840 0.1255254 0.1702665 0.2142649 0.2040431 0.1255033 0.1179362 0.1278371 0.0000000 0.0452970 0.0564029 0.2183314 0.2081669 0.2135724 0.0999774 0.1331415 0.6909027 0.7245244 0.6545041 0.6656580 0.7060064 0.6926290 0.6984285 0.6819883 0.6467970 0.6750636 0.6931883 0.6676751 0.7427247 0.6937290 0.7263102 0.7136140 0.7183221 0.7226067 0.6712631 0.6733258 0.6731328 
SAMD9L_Pseudochirops_corinnae     0.2095441 0.2085869 0.1549267 0.1801885 0.1129390 0.1104448 0.1103088 0.1694286 0.1964572 0.1941985 0.1102884 0.1124817 0.1152645 0.0452970 0.0000000 0.0225897 0.2097748 0.1949475 0.2018045 0.0935800 0.1205584 0.6567766 0.6891048 0.6116694 0.6413603 0.6549117 0.6423935 0.6478481 0.6313343 0.6191323 0.6381324 0.6491488 0.6239097 0.6982258 0.6646920 0.6826079 0.6767304 0.6831817 0.6873377 0.6313219 0.6331815 0.6428111 
SAMD9L_Pseudochirops_cupreus      0.2185668 0.2175575 0.1643538 0.1915766 0.1215082 0.1189974 0.1188484 0.1823839 0.2016781 0.2045081 0.1188270 0.1182863 0.1239375 0.0564029 0.0225897 0.0000000 0.2187443 0.2037065 0.2140055 0.1031169 0.1291975 0.6866911 0.7201643 0.6466324 0.6701144 0.6850964 0.6720412 0.6777127 0.6453315 0.6483176 0.6680305 0.6790767 0.6466821 0.7298617 0.7017263 0.7134060 0.7073954 0.7139942 0.7106115 0.6604811 0.6560195 0.6626015 
SAMD9L_Sarcophilus_harrisii       0.0453805 0.0097798 0.1770105 0.2039200 0.2007295 0.1981282 0.1995614 0.1892479 0.2106712 0.0835704 0.1979593 0.2041180 0.2027771 0.2183314 0.2097748 0.2187443 0.0000000 0.0503557 0.1125262 0.1803846 0.2050107 0.6540337 0.6790727 0.6218550 0.6413217 0.6571849 0.6307232 0.6360543 0.6699525 0.6198698 0.6304944 0.6546560 0.6275405 0.7110878 0.6571607 0.6517485 0.6469466 0.6756528 0.6930639 0.6547326 0.6381623 0.6542560 
SAMD9L_Sminthopsis_crassicaudata  0.0506614 0.0492497 0.1717079 0.1911845 0.1950236 0.1891646 0.1938790 0.1876118 0.1992906 0.0769658 0.1905839 0.1977079 0.1928421 0.2081669 0.1949475 0.2037065 0.0503557 0.0000000 0.0974240 0.1724796 0.1935188 0.6320301 0.6567864 0.6037064 0.6377362 0.6517354 0.6280141 0.6333114 0.6395651 0.6301143 0.6133373 0.6518035 0.5941206 0.6770681 0.6191791 0.6292069 0.6244927 0.6510047 0.6674801 0.6325576 0.6080408 0.6272852 
SAMD9L_Thylacinus_cynocephalus    0.1146180 0.1113891 0.1807970 0.2014299 0.2035472 0.2026860 0.2023757 0.1954872 0.2114910 0.0826532 0.1951984 0.2156786 0.1998125 0.2135724 0.2018045 0.2140055 0.1125262 0.0974240 0.0000000 0.1805149 0.2052755 0.6815912 0.6939872 0.6056362 0.6492777 0.6878924 0.6705009 0.6761294 0.6768751 0.6427272 0.6409639 0.6918497 0.6558478 0.7132427 0.6661750 0.6741473 0.6653915 0.6946473 0.7091998 0.6637571 0.6676930 0.6510572 
SAMD9L_Trichosurus_vulpecula      0.1815408 0.1775384 0.1336824 0.1685009 0.1006801 0.0982354 0.0994851 0.1609640 0.1778574 0.1704684 0.0994663 0.0454049 0.1028489 0.0999774 0.0935800 0.1031169 0.1803846 0.1724796 0.1805149 0.0000000 0.1061612 0.6094605 0.6478848 0.5901960 0.6071729 0.6292719 0.6209367 0.6262613 0.6196428 0.5834668 0.6131059 0.6339287 0.5966610 0.6789139 0.6367489 0.6408449 0.6350988 0.6289323 0.6451968 0.5946962 0.5996663 0.6185968 
SAMD9L_Vombatus_ursinus           0.2065814 0.2021012 0.1488993 0.1871232 0.1248388 0.1209753 0.1236252 0.1693006 0.2019239 0.1914571 0.1264163 0.1225782 0.1258103 0.1331415 0.1205584 0.1291975 0.2050107 0.1935188 0.2052755 0.1061612 0.0000000 0.6672383 0.6929162 0.6438687 0.6734640 0.6529419 0.6388132 0.6441775 0.6740380 0.6651426 0.6618671 0.6562191 0.6345994 0.6948993 0.7019739 0.7055213 0.6994680 0.6972848 0.6701157 0.6294210 0.6506051 0.6683674 
SAMD9_Antechinus_flavipes         0.6514138 0.6489518 0.5785351 0.6137050 0.6482670 0.6350781 0.6457571 0.6271881 0.6632522 0.6515035 0.6603356 0.6738024 0.6808139 0.6909027 0.6567766 0.6866911 0.6540337 0.6320301 0.6815912 0.6094605 0.6672383 0.0000000 0.0336706 0.1372580 0.2711897 0.1525910 0.1575900 0.1593312 0.1881173 0.2458820 0.0656657 0.1607162 0.1360581 0.1639894 0.1385211 0.1444668 0.1391424 0.0301543 0.0441874 0.0709904 0.1432501 0.1169602 
SAMD9_Dasyurus_viverrinus         0.6644341 0.6739014 0.5958065 0.6456097 0.6882082 0.6776268 0.6884915 0.6461406 0.6886523 0.6706076 0.6998604 0.7153519 0.7214898 0.7245244 0.6891048 0.7201643 0.6790727 0.6567864 0.6939872 0.6478848 0.6929162 0.0336706 0.0000000 0.1392257 0.2678929 0.1635175 0.1626781 0.1644473 0.1959169 0.2532243 0.0825321 0.1653657 0.1438285 0.1686908 0.1443443 0.1523675 0.1470476 0.0164324 0.0574987 0.0853157 0.1482517 0.1225881 
SAMD9_Dromiciops_gliroides        0.6075666 0.6232859 0.5514696 0.5586481 0.6400222 0.6300798 0.6405478 0.6185647 0.6133508 0.5921936 0.6517808 0.6522148 0.6547761 0.6545041 0.6116694 0.6466324 0.6218550 0.6037064 0.6056362 0.5901960 0.6438687 0.1372580 0.1392257 0.0000000 0.2708531 0.1434407 0.1449805 0.1466443 0.1819460 0.2555785 0.1304291 0.1447256 0.1473708 0.1541312 0.1371092 0.1430139 0.1434289 0.1406826 0.1367613 0.1332363 0.1403419 0.1076683 
SAMD9_Gracilinanus_agilis         0.6453104 0.6392570 0.5877669 0.5958778 0.6370957 0.6497010 0.6536689 0.6274072 0.6324424 0.6256273 0.6579263 0.6711930 0.6536626 0.6656580 0.6413603 0.6701144 0.6413217 0.6377362 0.6492777 0.6071729 0.6734640 0.2711897 0.2678929 0.2708531 0.0000000 0.2999078 0.2928472 0.2953209 0.2936571 0.0937175 0.2685396 0.2876376 0.2775642 0.3135089 0.2850241 0.2952714 0.2843241 0.2742793 0.2783061 0.2620337 0.2868501 0.2505892 
SAMD9_Lagorchestes_hirsutus       0.6459211 0.6494563 0.5826144 0.6317212 0.6684749 0.6582802 0.6622806 0.6513251 0.6821835 0.6496689 0.6715190 0.6951637 0.7011411 0.7060064 0.6549117 0.6850964 0.6571849 0.6517354 0.6878924 0.6292719 0.6529419 0.1525910 0.1635175 0.1434407 0.2999078 0.0000000 0.0254803 0.0266526 0.1887791 0.2767808 0.1626399 0.0358129 0.1059780 0.0512929 0.1301431 0.1137929 0.1152560 0.1683541 0.1517268 0.1451877 0.1073978 0.1081618 
SAMD9_Macropus_fuliginosus        0.6223873 0.6257025 0.5740118 0.6258551 0.6569392 0.6494761 0.6468035 0.6385626 0.6822425 0.6494423 0.6625060 0.6857895 0.6916622 0.6926290 0.6423935 0.6720412 0.6307232 0.6280141 0.6705009 0.6209367 0.6388132 0.1575900 0.1626781 0.1449805 0.2928472 0.0254803 0.0000000 0.0010719 0.1975594 0.2751383 0.1678330 0.0164243 0.1091228 0.0574560 0.1335027 0.1197243 0.1212769 0.1675252 0.1566919 0.1519893 0.1132729 0.1140038 
SAMD9_Macropus_giganteus          0.6276453 0.6310076 0.5787551 0.6310517 0.6625594 0.6550435 0.6523241 0.6438487 0.6878568 0.6548904 0.6681800 0.6916448 0.6975713 0.6984285 0.6478481 0.6777127 0.6360543 0.6333114 0.6761294 0.6262613 0.6441775 0.1593312 0.1644473 0.1466443 0.2953209 0.0266526 0.0010719 0.0000000 0.1995978 0.2775176 0.1696450 0.0175612 0.1106458 0.0587523 0.1351181 0.1212853 0.1228624 0.1693188 0.1584209 0.1537109 0.1148135 0.1155386 
SAMD9_Macrotis_lagotis            0.6495693 0.6619236 0.5682092 0.6177775 0.6435028 0.6386363 0.6469192 0.6113136 0.6451483 0.6280313 0.6631731 0.6729941 0.6601651 0.6819883 0.6313343 0.6453315 0.6699525 0.6395651 0.6768751 0.6196428 0.6740380 0.1881173 0.1959169 0.1819460 0.2936571 0.1887791 0.1975594 0.1995978 0.0000000 0.2801327 0.1881947 0.1974387 0.1823470 0.2062210 0.1673503 0.1818995 0.1863663 0.1954100 0.1930443 0.1801583 0.1874098 0.1594901 
SAMD9_Monodelphis_domestica       0.6238042 0.6178220 0.5844318 0.6156708 0.6022527 0.6075148 0.6115549 0.6269060 0.6485047 0.6255568 0.6257319 0.6383368 0.6243924 0.6467970 0.6191323 0.6483176 0.6198698 0.6301143 0.6427272 0.5834668 0.6651426 0.2458820 0.2532243 0.2555785 0.0937175 0.2767808 0.2751383 0.2775176 0.2801327 0.0000000 0.2337641 0.2749007 0.2673313 0.2973319 0.2489286 0.2602627 0.2566736 0.2558025 0.2431602 0.2335798 0.2688377 0.2358919 
SAMD9_Myrmecobius_fasciatus       0.6246524 0.6254547 0.5530823 0.6036551 0.6391609 0.6246640 0.6360324 0.6093607 0.6573756 0.6301349 0.6475551 0.6720735 0.6646579 0.6750636 0.6381324 0.6680305 0.6304944 0.6133373 0.6409639 0.6131059 0.6618671 0.0656657 0.0825321 0.1304291 0.2685396 0.1626399 0.1678330 0.1696450 0.1881947 0.2337641 0.0000000 0.1661378 0.1375828 0.1695095 0.1406294 0.1390453 0.1394203 0.0785286 0.0745481 0.0619551 0.1439215 0.1152033 
SAMD9_Notamacropus_eugenii        0.6524371 0.6495363 0.5881356 0.6452194 0.6639061 0.6563743 0.6536425 0.6538987 0.7030432 0.6556625 0.6695419 0.6998144 0.6990012 0.6931883 0.6491488 0.6790767 0.6546560 0.6518035 0.6918497 0.6339287 0.6562191 0.1607162 0.1653657 0.1447256 0.2876376 0.0358129 0.0164243 0.0175612 0.1974387 0.2749007 0.1661378 0.0000000 0.1116415 0.0634509 0.1360720 0.1250022 0.1238481 0.1702293 0.1593432 0.1537237 0.1185252 0.1165222 
SAMD9_Phalanger_gymnotis          0.6165158 0.6225586 0.5611420 0.5964406 0.6410711 0.6244848 0.6351560 0.6213418 0.6393169 0.6325400 0.6469642 0.6429981 0.6660575 0.6676751 0.6239097 0.6466821 0.6275405 0.5941206 0.6558478 0.5966610 0.6345994 0.1360581 0.1438285 0.1473708 0.2775642 0.1059780 0.1091228 0.1106458 0.1823470 0.2673313 0.1375828 0.1116415 0.0000000 0.1187236 0.1015375 0.1003109 0.0936229 0.1451135 0.1312418 0.1375946 0.0416586 0.0993667 
SAMD9_Potorous_gilbertii          0.6913597 0.6990706 0.6217046 0.6723907 0.7281699 0.7174815 0.7213365 0.6890135 0.7150883 0.6850030 0.7316228 0.7484799 0.7525811 0.7427247 0.6982258 0.7298617 0.7110878 0.6770681 0.7132427 0.6789139 0.6948993 0.1639894 0.1686908 0.1541312 0.3135089 0.0512929 0.0574560 0.0587523 0.2062210 0.2973319 0.1695095 0.0634509 0.1187236 0.0000000 0.1377596 0.1322584 0.1254289 0.1735936 0.1596647 0.1658337 0.1270082 0.1167834 
SAMD9_Pseudocheirus_occidentalis  0.6396577 0.6521189 0.5973759 0.6244839 0.6795597 0.6761485 0.6869386 0.6484914 0.6618042 0.6389779 0.6965397 0.6969337 0.7055037 0.6937290 0.6646920 0.7017263 0.6571607 0.6191791 0.6661750 0.6367489 0.7019739 0.1385211 0.1443443 0.1371092 0.2850241 0.1301431 0.1335027 0.1351181 0.1673503 0.2489286 0.1406294 0.1360720 0.1015375 0.1377596 0.0000000 0.0632542 0.0566764 0.1427605 0.1281042 0.1373418 0.1029677 0.1105390 
SAMD9_Pseudochirops_corinnae      0.6539156 0.6466785 0.6045573 0.6282828 0.7010760 0.6837832 0.6945886 0.6619110 0.6883152 0.6464595 0.6929035 0.7062835 0.7207175 0.7263102 0.6826079 0.7134060 0.6517485 0.6292069 0.6741473 0.6408449 0.7055213 0.1444668 0.1523675 0.1430139 0.2952714 0.1137929 0.1197243 0.1212853 0.1818995 0.2602627 0.1390453 0.1250022 0.1003109 0.1322584 0.0632542 0.0000000 0.0153728 0.1522488 0.1381035 0.1370803 0.0987826 0.1134600 
SAMD9_Pseudochirops_cupreus       0.6425176 0.6457190 0.5992991 0.6106240 0.6881392 0.6778250 0.6886270 0.6473232 0.6732569 0.6380017 0.6869286 0.6946535 0.7214336 0.7136140 0.6767304 0.7073954 0.6469466 0.6244927 0.6653915 0.6350988 0.6994680 0.1391424 0.1470476 0.1434289 0.2843241 0.1152560 0.1212769 0.1228624 0.1863663 0.2566736 0.1394203 0.1238481 0.0936229 0.1254289 0.0566764 0.0153728 0.0000000 0.1454282 0.1327803 0.1375119 0.0933958 0.1149259 
SAMD9_Sarcophilus_harrisii        0.6641145 0.6705141 0.5883129 0.6335132 0.6755703 0.6688655 0.6796925 0.6537491 0.6785550 0.6647520 0.6950027 0.6981728 0.7164686 0.7183221 0.6831817 0.7139942 0.6756528 0.6510047 0.6946473 0.6289323 0.6972848 0.0301543 0.0164324 0.1406826 0.2742793 0.1683541 0.1675252 0.1693188 0.1954100 0.2558025 0.0785286 0.1702293 0.1451135 0.1735936 0.1427605 0.1522488 0.1454282 0.0000000 0.0549643 0.0814843 0.1495424 0.1256251 
SAMD9_Sminthopsis_crassicaudata   0.6784567 0.6878637 0.5963248 0.6547151 0.6962648 0.6825716 0.6933985 0.6464654 0.7105596 0.6848053 0.7089296 0.7124262 0.7338929 0.7226067 0.6873377 0.7106115 0.6930639 0.6674801 0.7091998 0.6451968 0.6701157 0.0441874 0.0574987 0.1367613 0.2783061 0.1517268 0.1566919 0.1584209 0.1930443 0.2431602 0.0745481 0.1593432 0.1312418 0.1596647 0.1281042 0.1381035 0.1327803 0.0549643 0.0000000 0.0800104 0.1383497 0.1176880 
SAMD9_Thylacinus_cynocephalus     0.6456753 0.6496123 0.5542215 0.6182796 0.6350364 0.6315794 0.6355925 0.6112866 0.6677836 0.6405686 0.6468757 0.6567837 0.6622455 0.6712631 0.6313219 0.6604811 0.6547326 0.6325576 0.6637571 0.5946962 0.6294210 0.0709904 0.0853157 0.1332363 0.2620337 0.1451877 0.1519893 0.1537109 0.1801583 0.2335798 0.0619551 0.1537237 0.1375946 0.1658337 0.1373418 0.1370803 0.1375119 0.0814843 0.0800104 0.0000000 0.1435046 0.1169829 
SAMD9_Trichosurus_vulpecula       0.6207843 0.6331485 0.5682963 0.6024974 0.6477023 0.6311210 0.6417556 0.6321014 0.6557344 0.6439972 0.6536182 0.6676335 0.6791577 0.6733258 0.6331815 0.6560195 0.6381623 0.6080408 0.6676930 0.5996663 0.6506051 0.1432501 0.1482517 0.1403419 0.2868501 0.1073978 0.1132729 0.1148135 0.1874098 0.2688377 0.1439215 0.1185252 0.0416586 0.1270082 0.1029677 0.0987826 0.0933958 0.1495424 0.1383497 0.1435046 0.0000000 0.0984941 
SAMD9_Vombatus_ursinus            0.6501235 0.6493128 0.5630416 0.5960845 0.6670081 0.6502539 0.6476164 0.6241556 0.6437449 0.6373041 0.6564290 0.6890736 0.6718434 0.6731328 0.6428111 0.6626015 0.6542560 0.6272852 0.6510572 0.6185968 0.6683674 0.1169602 0.1225881 0.1076683 0.2505892 0.1081618 0.1140038 0.1155386 0.1594901 0.2358919 0.1152033 0.1165222 0.0993667 0.1167834 0.1105390 0.1134600 0.1149259 0.1256251 0.1176880 0.1169829 0.0984941 0.0000000 
