42
SAMD9L_Antechinus_flavipes        0.0000000 0.0185562 0.1565354 0.1521653 0.1467525 0.1443623 0.1472209 0.1377159 0.1592815 0.0369641 0.1412033 0.1271544 0.1528727 0.1315834 0.1336531 0.1293647 0.0185646 0.0304829 0.0480524 0.1188512 0.1176765 0.5856921 0.5888675 0.5067045 0.5500760 0.5195729 0.5194556 0.5194556 0.5272286 0.5496506 0.5524618 0.5152354 0.5182941 0.5126673 0.5224795 0.5012860 0.5071681 0.5899166 0.5379547 0.5610129 0.4782213 0.5184623 
SAMD9L_Dasyurus_viverrinus        0.0185562 0.0000000 0.1491442 0.1491190 0.1439847 0.1443939 0.1472532 0.1320517 0.1561853 0.0369712 0.1412341 0.1242566 0.1500989 0.1316354 0.1310029 0.1267374 0.0040533 0.0283270 0.0457788 0.1134219 0.1123099 0.5797581 0.5804242 0.4973664 0.5406023 0.5077253 0.5076132 0.5076132 0.5149505 0.5373870 0.5424997 0.5035002 0.5090370 0.5031823 0.5035979 0.4898813 0.4956419 0.5814796 0.5302195 0.5507861 0.4672248 0.5016196 
SAMD9L_Dromiciops_gliroides       0.1565354 0.1491442 0.0000000 0.1330118 0.1644248 0.1662868 0.1692916 0.1302760 0.1446184 0.1416500 0.1615189 0.1436053 0.1607767 0.1425505 0.1459456 0.1442769 0.1506016 0.1484941 0.1454407 0.1308796 0.1272325 0.5600529 0.5359327 0.4902510 0.5379147 0.4913501 0.4912452 0.4912452 0.5037236 0.5538430 0.5261642 0.4872879 0.4905850 0.4869815 0.4927407 0.4706533 0.4810620 0.5446730 0.5138249 0.5390449 0.4639150 0.4772493 
SAMD9L_Gracilinanus_agilis        0.1521653 0.1491190 0.1330118 0.0000000 0.1640552 0.1571850 0.1601618 0.1314443 0.0400806 0.1406283 0.1553407 0.1351853 0.1585650 0.1398260 0.1488472 0.1471649 0.1477770 0.1543860 0.1432962 0.1254411 0.1302110 0.5590266 0.5278243 0.5023038 0.5346551 0.4892868 0.4913818 0.4913818 0.5153380 0.5397964 0.5061166 0.4899469 0.4932317 0.4988984 0.4950120 0.4795737 0.4900720 0.5364862 0.5159220 0.5296722 0.4597896 0.4958111 
SAMD9L_Lagorchestes_hirsutus      0.1467525 0.1439847 0.1644248 0.1640552 0.0000000 0.0206640 0.0206732 0.1472963 0.1735193 0.1402929 0.0195903 0.1004703 0.0369290 0.0986583 0.1023462 0.1008963 0.1454316 0.1419370 0.1422328 0.0889443 0.0934152 0.6573044 0.6554248 0.5675098 0.5630533 0.5752009 0.5750599 0.5750599 0.5566353 0.5820478 0.6022228 0.5704278 0.5482266 0.5603613 0.5569852 0.5362452 0.5475946 0.6570354 0.5937760 0.6318948 0.5206577 0.5781363 
SAMD9L_Macropus_fuliginosus       0.1443623 0.1443939 0.1662868 0.1571850 0.0206640 0.0000000 0.0020178 0.1434386 0.1695199 0.1434632 0.0122585 0.0943480 0.0304375 0.0950938 0.0962457 0.0948186 0.1458460 0.1423410 0.1496961 0.0854097 0.0885819 0.6674092 0.6538589 0.5525896 0.5614191 0.5675563 0.5674179 0.5674179 0.5557316 0.5804946 0.5976020 0.5628142 0.5437615 0.5527276 0.5473388 0.5266867 0.5379888 0.6554728 0.5973493 0.6209552 0.5162076 0.5630334 
SAMD9L_Macropus_giganteus         0.1472209 0.1472532 0.1692916 0.1601618 0.0206732 0.0020178 0.0000000 0.1463024 0.1725453 0.1463013 0.0122639 0.0943949 0.0304512 0.0976479 0.0988029 0.0973645 0.1487135 0.1452044 0.1526252 0.0854517 0.0886254 0.6735938 0.6600435 0.5580312 0.5669784 0.5731714 0.5730306 0.5730306 0.5612268 0.5861471 0.6033671 0.5683888 0.5492794 0.5582791 0.5527707 0.5320048 0.5433684 0.6616795 0.6031648 0.6269180 0.5215187 0.5685573 
SAMD9L_Macrotis_lagotis           0.1377159 0.1320517 0.1302760 0.1314443 0.1472963 0.1434386 0.1463024 0.0000000 0.1463371 0.1304808 0.1389346 0.1273730 0.1408074 0.1289951 0.1339751 0.1310659 0.1334442 0.1443817 0.1255835 0.1139528 0.1166985 0.6023435 0.5912364 0.5162198 0.5523434 0.5321434 0.5320223 0.5320223 0.5238073 0.5568053 0.5456322 0.5277558 0.5185245 0.5229467 0.5140807 0.4989595 0.5026958 0.5953449 0.5456550 0.5637457 0.4832482 0.5233784 
SAMD9L_Monodelphis_domestica      0.1592815 0.1561853 0.1446184 0.0400806 0.1735193 0.1695199 0.1725453 0.1463371 0.0000000 0.1461708 0.1647131 0.1469761 0.1679913 0.1506911 0.1569624 0.1552467 0.1548284 0.1587094 0.1505519 0.1397310 0.1394653 0.5735565 0.5463678 0.5097728 0.5202491 0.5074652 0.5095857 0.5095857 0.5273050 0.5356728 0.5213276 0.5080721 0.5014973 0.5122409 0.5108376 0.4921777 0.5028763 0.5579961 0.5242433 0.5438365 0.4677708 0.5089158 
SAMD9L_Myrmecobius_fasciatus      0.0369641 0.0369712 0.1416500 0.1406283 0.1402929 0.1434632 0.1463013 0.1304808 0.1461708 0.0000000 0.1403286 0.1182561 0.1505588 0.1254702 0.1261603 0.1180985 0.0358860 0.0381252 0.0386272 0.1127251 0.1116645 0.6119272 0.6043487 0.5139959 0.5549707 0.5371949 0.5370708 0.5370708 0.5340280 0.5543110 0.5728172 0.5327311 0.5331948 0.5351766 0.5294003 0.5233126 0.5293523 0.6139314 0.5552169 0.5799227 0.4897962 0.5352377 
SAMD9L_Notamacropus_eugenii       0.1412033 0.1412341 0.1615189 0.1553407 0.0195903 0.0122585 0.0122639 0.1389346 0.1647131 0.1403286 0.0000000 0.0891263 0.0250324 0.0936487 0.0947967 0.0933785 0.1426740 0.1391815 0.1450780 0.0815421 0.0835326 0.6497301 0.6418514 0.5496750 0.5586744 0.5569852 0.5568518 0.5568518 0.5454293 0.5698013 0.5866263 0.5523375 0.5334650 0.5423334 0.5371874 0.5168246 0.5279698 0.6434153 0.5809798 0.6095100 0.5063983 0.5526496 
SAMD9L_Phalanger_gymnotis         0.1271544 0.1242566 0.1436053 0.1351853 0.1004703 0.0943480 0.0943949 0.1273730 0.1469761 0.1182561 0.0891263 0.0000000 0.0931795 0.0746297 0.0731172 0.0705742 0.1256313 0.1302062 0.1288978 0.0346392 0.0692431 0.6072009 0.5940520 0.5154012 0.5418158 0.5367668 0.5366427 0.5366427 0.5374434 0.5578518 0.5638280 0.5322995 0.5139038 0.5272161 0.5171837 0.5027548 0.5136442 0.5954326 0.5553407 0.5672168 0.4926315 0.5227156 
SAMD9L_Potorous_gilbertii         0.1528727 0.1500989 0.1607767 0.1585650 0.0369290 0.0304375 0.0304512 0.1408074 0.1679913 0.1505588 0.0250324 0.0931795 0.0000000 0.0886221 0.0950821 0.0936587 0.1515670 0.1493743 0.1541489 0.0842549 0.0874565 0.6544484 0.6393925 0.5520750 0.5640613 0.5635805 0.5634446 0.5634446 0.5635175 0.5798459 0.5966605 0.5588936 0.5409538 0.5518081 0.5414695 0.5210414 0.5322216 0.6409376 0.5919509 0.6029897 0.5136248 0.5519258 
SAMD9L_Pseudocheirus_occidentalis 0.1315834 0.1316354 0.1425505 0.1398260 0.0986583 0.0950938 0.0976479 0.1289951 0.1506911 0.1254702 0.0936487 0.0746297 0.0886221 0.0000000 0.0358390 0.0346900 0.1303244 0.1321366 0.1338061 0.0626247 0.0741673 0.6023898 0.5854908 0.5233259 0.5319574 0.5352606 0.5351371 0.5351371 0.5290762 0.5402322 0.5520508 0.5277449 0.5111275 0.5205441 0.5105424 0.4960091 0.5047414 0.5924746 0.5548366 0.5592499 0.4799424 0.5154641 
SAMD9L_Pseudochirops_corinnae     0.1336531 0.1310029 0.1459456 0.1488472 0.1023462 0.0962457 0.0988029 0.1339751 0.1569624 0.1261603 0.0947967 0.0731172 0.0950821 0.0358390 0.0000000 0.0091425 0.1296989 0.1301683 0.1372376 0.0658592 0.0726449 0.6134715 0.5885470 0.5256741 0.5341459 0.5429273 0.5428007 0.5428007 0.5198587 0.5527521 0.5609520 0.5353333 0.5169047 0.5281150 0.5237039 0.5012069 0.5099971 0.5955266 0.5578761 0.5671108 0.4828977 0.5157072 
SAMD9L_Pseudochirops_cupreus      0.1293647 0.1267374 0.1442769 0.1471649 0.1008963 0.0948186 0.0973645 0.1310659 0.1552467 0.1180985 0.0933785 0.0705742 0.0936587 0.0346900 0.0091425 0.0000000 0.1254439 0.1258938 0.1328545 0.0657068 0.0713409 0.6108971 0.5860793 0.5214947 0.5350601 0.5385824 0.5384578 0.5384578 0.5179519 0.5483658 0.5586715 0.5310498 0.5126891 0.5238582 0.5195235 0.5021539 0.5109338 0.5930199 0.5555894 0.5647623 0.4789435 0.5115732 
SAMD9L_Sarcophilus_harrisii       0.0185646 0.0040533 0.1506016 0.1477770 0.1454316 0.1458460 0.1487135 0.1334442 0.1548284 0.0358860 0.1426740 0.1256313 0.1515670 0.1303244 0.1296989 0.1254439 0.0000000 0.0261862 0.0446516 0.1147647 0.1136373 0.5750358 0.5756574 0.4930350 0.5360453 0.5033061 0.5031955 0.5031955 0.5156001 0.5328573 0.5379811 0.4991085 0.5045947 0.4987784 0.5042310 0.4904960 0.4962652 0.5767196 0.5257107 0.5461667 0.4629899 0.4972710 
SAMD9L_Sminthopsis_crassicaudata  0.0304829 0.0283270 0.1484941 0.1543860 0.1419370 0.1423410 0.1452044 0.1443817 0.1587094 0.0381252 0.1391815 0.1302062 0.1493743 0.1321366 0.1301683 0.1258938 0.0261862 0.0000000 0.0469994 0.1191984 0.1141244 0.5895381 0.5894199 0.4967315 0.5348619 0.5296306 0.5243234 0.5243234 0.5221476 0.5458328 0.5517291 0.5200735 0.5185303 0.5175126 0.5202952 0.5089973 0.5149339 0.5880247 0.5427530 0.5574847 0.4759250 0.5185294 
SAMD9L_Thylacinus_cynocephalus    0.0480524 0.0457788 0.1454407 0.1432962 0.1422328 0.1496961 0.1526252 0.1255835 0.1505519 0.0386272 0.1450780 0.1288978 0.1541489 0.1338061 0.1372376 0.1328545 0.0446516 0.0469994 0.0000000 0.1179090 0.1208859 0.5973112 0.5828560 0.4976941 0.5361117 0.5216187 0.5215010 0.5215010 0.5130050 0.5382188 0.5516183 0.5172811 0.5171001 0.5147234 0.5165704 0.4961126 0.5041766 0.5902439 0.5420934 0.5633677 0.4706868 0.5047409 
SAMD9L_Trichosurus_vulpecula      0.1188512 0.1134219 0.1308796 0.1254411 0.0889443 0.0854097 0.0854517 0.1139528 0.1397310 0.1127251 0.0815421 0.0346392 0.0842549 0.0626247 0.0658592 0.0657068 0.1147647 0.1191984 0.1179090 0.0000000 0.0620848 0.6102937 0.5909716 0.5241541 0.5393474 0.5385489 0.5384244 0.5384244 0.5260158 0.5553060 0.5594488 0.5340828 0.5174635 0.5240478 0.5215909 0.5021321 0.5129825 0.5979692 0.5615060 0.5728921 0.4889788 0.5265999 
SAMD9L_Vombatus_ursinus           0.1176765 0.1123099 0.1272325 0.1302110 0.0934152 0.0885819 0.0886254 0.1166985 0.1394653 0.1116645 0.0835326 0.0692431 0.0874565 0.0741673 0.0726449 0.0713409 0.1136373 0.1141244 0.1208859 0.0620848 0.0000000 0.6040105 0.5877087 0.5230893 0.5333394 0.5255285 0.5254103 0.5254103 0.5258676 0.5511400 0.5489018 0.5211990 0.5234991 0.5113300 0.5067282 0.4887624 0.4944247 0.5917595 0.5394791 0.5707867 0.4877653 0.5096998 
SAMD9_Antechinus_flavipes         0.5856921 0.5797581 0.5600529 0.5590266 0.6573044 0.6674092 0.6735938 0.6023435 0.5735565 0.6119272 0.6497301 0.6072009 0.6544484 0.6023898 0.6134715 0.6108971 0.5750358 0.5895381 0.5973112 0.6102937 0.6040105 0.0000000 0.0427122 0.1618557 0.2342652 0.1399368 0.1403817 0.1403817 0.1802749 0.2242225 0.0684456 0.1400569 0.1269621 0.1437979 0.1382893 0.1439369 0.1511544 0.0337407 0.0493068 0.0868310 0.1315560 0.1380669 
SAMD9_Dasyurus_viverrinus         0.5888675 0.5804242 0.5359327 0.5278243 0.6554248 0.6538589 0.6600435 0.5912364 0.5463678 0.6043487 0.6418514 0.5940520 0.6393925 0.5854908 0.5885470 0.5860793 0.5756574 0.5894199 0.5828560 0.5909716 0.5877087 0.0427122 0.0000000 0.1667553 0.2497353 0.1361275 0.1378913 0.1378913 0.1729593 0.2243860 0.0726354 0.1362457 0.1238829 0.1413210 0.1431754 0.1451987 0.1525625 0.0154348 0.0543201 0.0876564 0.1262730 0.1309531 
SAMD9_Dromiciops_gliroides        0.5067045 0.4973664 0.4902510 0.5023038 0.5675098 0.5525896 0.5580312 0.5162198 0.5097728 0.5139959 0.5496750 0.5154012 0.5520750 0.5233259 0.5256741 0.5214947 0.4930350 0.4967315 0.4976941 0.5241541 0.5230893 0.1618557 0.1667553 0.0000000 0.2055143 0.1095628 0.1111453 0.1111453 0.1362983 0.1947534 0.1543712 0.1096553 0.1094847 0.1181759 0.1136269 0.1138838 0.1178512 0.1630254 0.1601353 0.1502119 0.0999081 0.1058122 
SAMD9_Gracilinanus_agilis         0.5500760 0.5406023 0.5379147 0.5346551 0.5630533 0.5614191 0.5669784 0.5523434 0.5202491 0.5549707 0.5586744 0.5418158 0.5640613 0.5319574 0.5341459 0.5350601 0.5360453 0.5348619 0.5361117 0.5393474 0.5333394 0.2342652 0.2497353 0.2055143 0.0000000 0.2024358 0.2032230 0.2032230 0.2165483 0.0868500 0.2251628 0.1965964 0.1847231 0.1973071 0.1960276 0.1950134 0.2001426 0.2429654 0.2257715 0.2419018 0.1798973 0.1944436 
SAMD9_Lagorchestes_hirsutus       0.5195729 0.5077253 0.4913501 0.4892868 0.5752009 0.5675563 0.5731714 0.5321434 0.5074652 0.5371949 0.5569852 0.5367668 0.5635805 0.5352606 0.5429273 0.5385824 0.5033061 0.5296306 0.5216187 0.5385489 0.5255285 0.1399368 0.1361275 0.1095628 0.2024358 0.0000000 0.0080718 0.0080718 0.1199278 0.1865992 0.1244806 0.0100981 0.0728353 0.0334617 0.0656863 0.0732891 0.0731425 0.1296279 0.1366971 0.1417408 0.0656877 0.0756392 
SAMD9_Macropus_fuliginosus        0.5194556 0.5076132 0.4912452 0.4913818 0.5750599 0.5674179 0.5730306 0.5320223 0.5095857 0.5370708 0.5568518 0.5366427 0.5634446 0.5351371 0.5428007 0.5384578 0.5031955 0.5243234 0.5215010 0.5384244 0.5254103 0.1403817 0.1378913 0.1111453 0.2032230 0.0080718 0.0000000 0.0000010 0.1215668 0.1856423 0.1248671 0.0050207 0.0742116 0.0335354 0.0670252 0.0746760 0.0745262 0.1313419 0.1384379 0.1421201 0.0670266 0.0770162 
SAMD9_Macropus_giganteus          0.5194556 0.5076132 0.4912452 0.4913818 0.5750599 0.5674179 0.5730306 0.5320223 0.5095857 0.5370708 0.5568518 0.5366427 0.5634446 0.5351371 0.5428007 0.5384578 0.5031955 0.5243234 0.5215010 0.5384244 0.5254103 0.1403817 0.1378913 0.1111453 0.2032230 0.0080718 0.0000010 0.0000000 0.1215668 0.1856423 0.1248671 0.0050207 0.0742116 0.0335354 0.0670252 0.0746760 0.0745262 0.1313419 0.1384379 0.1421201 0.0670266 0.0770162 
SAMD9_Macrotis_lagotis            0.5272286 0.5149505 0.5037236 0.5153380 0.5566353 0.5557316 0.5612268 0.5238073 0.5273050 0.5340280 0.5454293 0.5374434 0.5635175 0.5290762 0.5198587 0.5179519 0.5156001 0.5221476 0.5130050 0.5260158 0.5258676 0.1802749 0.1729593 0.1362983 0.2165483 0.1199278 0.1215668 0.1215668 0.0000000 0.1970307 0.1495202 0.1161815 0.1096658 0.1303016 0.1126758 0.1116695 0.1209459 0.1705246 0.1618858 0.1684753 0.1020862 0.1049923 
SAMD9_Monodelphis_domestica       0.5496506 0.5373870 0.5538430 0.5397964 0.5820478 0.5804946 0.5861471 0.5568053 0.5356728 0.5543110 0.5698013 0.5578518 0.5798459 0.5402322 0.5527521 0.5483658 0.5328573 0.5458328 0.5382188 0.5553060 0.5511400 0.2242225 0.2243860 0.1947534 0.0868500 0.1865992 0.1856423 0.1856423 0.1970307 0.0000000 0.2092179 0.1822416 0.1721657 0.1884885 0.1828257 0.1750143 0.1822082 0.2241714 0.2207120 0.2184762 0.1670865 0.1727357 
SAMD9_Myrmecobius_fasciatus       0.5524618 0.5424997 0.5261642 0.5061166 0.6022228 0.5976020 0.6033671 0.5456322 0.5213276 0.5728172 0.5866263 0.5638280 0.5966605 0.5520508 0.5609520 0.5586715 0.5379811 0.5517291 0.5516183 0.5594488 0.5489018 0.0684456 0.0726354 0.1543712 0.2251628 0.1244806 0.1248671 0.1248671 0.1495202 0.2092179 0.0000000 0.1245866 0.1138679 0.1212143 0.1244069 0.1280747 0.1336474 0.0676251 0.0648773 0.0689020 0.1137929 0.1086996 
SAMD9_Notamacropus_eugenii        0.5152354 0.5035002 0.4872879 0.4899469 0.5704278 0.5628142 0.5683888 0.5277558 0.5080721 0.5327311 0.5523375 0.5322995 0.5588936 0.5277449 0.5353333 0.5310498 0.4991085 0.5200735 0.5172811 0.5340828 0.5211990 0.1400569 0.1362457 0.1096553 0.1965964 0.0100981 0.0050207 0.0050207 0.1161815 0.1822416 0.1245866 0.0000000 0.0717312 0.0356604 0.0657493 0.0709739 0.0708319 0.1297393 0.1368139 0.1404685 0.0645924 0.0745429 
SAMD9_Phalanger_gymnotis          0.5182941 0.5090370 0.4905850 0.4932317 0.5482266 0.5437615 0.5492794 0.5185245 0.5014973 0.5331948 0.5334650 0.5139038 0.5409538 0.5111275 0.5169047 0.5126891 0.5045947 0.5185303 0.5171001 0.5174635 0.5234991 0.1269621 0.1238829 0.1094847 0.1847231 0.0728353 0.0742116 0.0742116 0.1096658 0.1721657 0.1138679 0.0717312 0.0000000 0.0732876 0.0652108 0.0738997 0.0761512 0.1180154 0.1199794 0.1314289 0.0371243 0.0712770 
SAMD9_Potorous_gilbertii          0.5126673 0.5031823 0.4869815 0.4988984 0.5603613 0.5527276 0.5582791 0.5229467 0.5122409 0.5351766 0.5423334 0.5272161 0.5518081 0.5205441 0.5281150 0.5238582 0.4987784 0.5175126 0.5147234 0.5240478 0.5113300 0.1437979 0.1413210 0.1181759 0.1973071 0.0334617 0.0335354 0.0335354 0.1303016 0.1884885 0.1212143 0.0356604 0.0732876 0.0000000 0.0649892 0.0738222 0.0736735 0.1346791 0.1351648 0.1469791 0.0721068 0.0786196 
SAMD9_Pseudocheirus_occidentalis  0.5224795 0.5035979 0.4927407 0.4950120 0.5569852 0.5473388 0.5527707 0.5140807 0.5108376 0.5294003 0.5371874 0.5171837 0.5414695 0.5105424 0.5237039 0.5195235 0.5042310 0.5202952 0.5165704 0.5215909 0.5067282 0.1382893 0.1431754 0.1136269 0.1960276 0.0656863 0.0670252 0.0670252 0.1126758 0.1828257 0.1244069 0.0657493 0.0652108 0.0649892 0.0000000 0.0438082 0.0459524 0.1397049 0.1411317 0.1478437 0.0615357 0.0777265 
SAMD9_Pseudochirops_corinnae      0.5012860 0.4898813 0.4706533 0.4795737 0.5362452 0.5266867 0.5320048 0.4989595 0.4921777 0.5233126 0.5168246 0.5027548 0.5210414 0.4960091 0.5012069 0.5021539 0.4904960 0.5089973 0.4961126 0.5021321 0.4887624 0.1439369 0.1451987 0.1138838 0.1950134 0.0732891 0.0746760 0.0746760 0.1116695 0.1750143 0.1280747 0.0709739 0.0738997 0.0738222 0.0438082 0.0000000 0.0132767 0.1402063 0.1362666 0.1496247 0.0689545 0.0767376 
SAMD9_Pseudochirops_cupreus       0.5071681 0.4956419 0.4810620 0.4900720 0.5475946 0.5379888 0.5433684 0.5026958 0.5028763 0.5293523 0.5279698 0.5136442 0.5322216 0.5047414 0.5099971 0.5109338 0.4962652 0.5149339 0.5041766 0.5129825 0.4944247 0.1511544 0.1525625 0.1178512 0.2001426 0.0731425 0.0745262 0.0745262 0.1209459 0.1822082 0.1336474 0.0708319 0.0761512 0.0736735 0.0459524 0.0132767 0.0000000 0.1474623 0.1461969 0.1569912 0.0711903 0.0802272 
SAMD9_Sarcophilus_harrisii        0.5899166 0.5814796 0.5446730 0.5364862 0.6570354 0.6554728 0.6616795 0.5953449 0.5579961 0.6139314 0.6434153 0.5954326 0.6409376 0.5924746 0.5955266 0.5930199 0.5767196 0.5880247 0.5902439 0.5979692 0.5917595 0.0337407 0.0154348 0.1630254 0.2429654 0.1296279 0.1313419 0.1313419 0.1705246 0.2241714 0.0676251 0.1297393 0.1180154 0.1346791 0.1397049 0.1402063 0.1474623 0.0000000 0.0473487 0.0836306 0.1256769 0.1303405 
SAMD9_Sminthopsis_crassicaudata   0.5379547 0.5302195 0.5138249 0.5159220 0.5937760 0.5973493 0.6031648 0.5456550 0.5242433 0.5552169 0.5809798 0.5553407 0.5919509 0.5548366 0.5578761 0.5555894 0.5257107 0.5427530 0.5420934 0.5615060 0.5394791 0.0493068 0.0543201 0.1601353 0.2257715 0.1366971 0.1384379 0.1384379 0.1618858 0.2207120 0.0648773 0.1368139 0.1199794 0.1351648 0.1411317 0.1362666 0.1461969 0.0473487 0.0000000 0.0832774 0.1244625 0.1230382 
SAMD9_Thylacinus_cynocephalus     0.5610129 0.5507861 0.5390449 0.5296722 0.6318948 0.6209552 0.6269180 0.5637457 0.5438365 0.5799227 0.6095100 0.5672168 0.6029897 0.5592499 0.5671108 0.5647623 0.5461667 0.5574847 0.5633677 0.5728921 0.5707867 0.0868310 0.0876564 0.1502119 0.2419018 0.1417408 0.1421201 0.1421201 0.1684753 0.2184762 0.0689020 0.1404685 0.1314289 0.1469791 0.1478437 0.1496247 0.1569912 0.0836306 0.0832774 0.0000000 0.1307742 0.1306061 
SAMD9_Trichosurus_vulpecula       0.4782213 0.4672248 0.4639150 0.4597896 0.5206577 0.5162076 0.5215187 0.4832482 0.4677708 0.4897962 0.5063983 0.4926315 0.5136248 0.4799424 0.4828977 0.4789435 0.4629899 0.4759250 0.4706868 0.4889788 0.4877653 0.1315560 0.1262730 0.0999081 0.1798973 0.0656877 0.0670266 0.0670266 0.1020862 0.1670865 0.1137929 0.0645924 0.0371243 0.0721068 0.0615357 0.0689545 0.0711903 0.1256769 0.1244625 0.1307742 0.0000000 0.0655235 
SAMD9_Vombatus_ursinus            0.5184623 0.5016196 0.4772493 0.4958111 0.5781363 0.5630334 0.5685573 0.5233784 0.5089158 0.5352377 0.5526496 0.5227156 0.5519258 0.5154641 0.5157072 0.5115732 0.4972710 0.5185294 0.5047409 0.5265999 0.5096998 0.1380669 0.1309531 0.1058122 0.1944436 0.0756392 0.0770162 0.0770162 0.1049923 0.1727357 0.1086996 0.0745429 0.0712770 0.0786196 0.0777265 0.0767376 0.0802272 0.1303405 0.1230382 0.1306061 0.0655235 0.0000000 
