42
SAMD9L_Antechinus_flavipes        0.0000000 0.0327369 0.1672642 0.1850710 0.1746759 0.1760862 0.1798645 0.1664646 0.1864035 0.0547116 0.1750150 0.1616524 0.1771172 0.1643807 0.1567301 0.1562016 0.0301869 0.0420769 0.0686191 0.1506285 0.1488630 0.6899660 0.6901793 0.6497122 0.6827757 0.6511687 0.6499319 0.6503897 0.6750911 0.6841137 0.6713436 0.6510091 0.6422272 0.6602478 0.6418673 0.6386681 0.6406459 0.6890661 0.6774132 0.6901753 0.6372013 0.6652465 
SAMD9L_Dasyurus_viverrinus        0.0327369 0.0000000 0.1648953 0.1870136 0.1769284 0.1786855 0.1818715 0.1655184 0.1847725 0.0552445 0.1768498 0.1634203 0.1792448 0.1660959 0.1580571 0.1575552 0.0104631 0.0440252 0.0692392 0.1512040 0.1515627 0.6983007 0.6997411 0.6642227 0.6931689 0.6558510 0.6552199 0.6563387 0.6839942 0.6910316 0.6777539 0.6563900 0.6493412 0.6659447 0.6530014 0.6465384 0.6515358 0.6979260 0.6859233 0.6943280 0.6441613 0.6707341 
SAMD9L_Dromiciops_gliroides       0.1672642 0.1648953 0.0000000 0.1587099 0.1623800 0.1629379 0.1648102 0.1404536 0.1601799 0.1549246 0.1611466 0.1446268 0.1580779 0.1482258 0.1416150 0.1401764 0.1640987 0.1594455 0.1624152 0.1359678 0.1336761 0.6589157 0.6536665 0.6084922 0.6588902 0.6122529 0.6152022 0.6156232 0.6326309 0.6691979 0.6315771 0.6084979 0.6082629 0.6251445 0.6154245 0.6052571 0.6134001 0.6535694 0.6387754 0.6507621 0.6037956 0.6129443 
SAMD9L_Gracilinanus_agilis        0.1850710 0.1870136 0.1587099 0.0000000 0.1849210 0.1854457 0.1867645 0.1605075 0.0553541 0.1749847 0.1830643 0.1660335 0.1871125 0.1751097 0.1666328 0.1667360 0.1851595 0.1853873 0.1797734 0.1545426 0.1628740 0.6909500 0.6871920 0.6408888 0.6767681 0.6457137 0.6485735 0.6502292 0.6639357 0.6880181 0.6606509 0.6486419 0.6329813 0.6566209 0.6275403 0.6276328 0.6331365 0.6858183 0.6840460 0.6822721 0.6296946 0.6486287 
SAMD9L_Lagorchestes_hirsutus      0.1746759 0.1769284 0.1623800 0.1849210 0.0000000 0.0239722 0.0246466 0.1647600 0.1863668 0.1656486 0.0248716 0.1123597 0.0369828 0.1128241 0.1079891 0.1072453 0.1759158 0.1699558 0.1689329 0.1055458 0.1161023 0.7220362 0.7205323 0.6717658 0.7001801 0.6714794 0.6725855 0.6735349 0.6822280 0.7011924 0.6896414 0.6680307 0.6633818 0.6847267 0.6700294 0.6598091 0.6712179 0.7206923 0.7030179 0.7126882 0.6562234 0.6900935 
SAMD9L_Macropus_fuliginosus       0.1760862 0.1786855 0.1629379 0.1854457 0.0239722 0.0000000 0.0053171 0.1638568 0.1887203 0.1673382 0.0164335 0.1127521 0.0370971 0.1114529 0.1056594 0.1043894 0.1776626 0.1711798 0.1725377 0.1056439 0.1168038 0.7189023 0.7169036 0.6625393 0.6943360 0.6611618 0.6626490 0.6635884 0.6775279 0.6945668 0.6816230 0.6562629 0.6563750 0.6719288 0.6603218 0.6483477 0.6621041 0.7169398 0.6974231 0.7057655 0.6466487 0.6768220 
SAMD9L_Macropus_giganteus         0.1798645 0.1818715 0.1648102 0.1867645 0.0246466 0.0053171 0.0000000 0.1647993 0.1901032 0.1698439 0.0166564 0.1152083 0.0377956 0.1133752 0.1075634 0.1062854 0.1802174 0.1749361 0.1753805 0.1064649 0.1190219 0.7224488 0.7204528 0.6665438 0.6942792 0.6633193 0.6635760 0.6645164 0.6805016 0.6967941 0.6852568 0.6571832 0.6597481 0.6753482 0.6651331 0.6523257 0.6661228 0.7204929 0.7009053 0.7084918 0.6499796 0.6757584 
SAMD9L_Macrotis_lagotis           0.1664646 0.1655184 0.1404536 0.1605075 0.1647600 0.1638568 0.1647993 0.0000000 0.1703624 0.1563089 0.1633726 0.1493137 0.1633166 0.1502791 0.1433100 0.1440541 0.1652098 0.1662571 0.1615597 0.1357749 0.1417727 0.6952580 0.6948634 0.6571392 0.6888432 0.6531932 0.6560529 0.6565110 0.6685854 0.6981297 0.6764319 0.6484393 0.6376850 0.6640081 0.6441124 0.6412575 0.6424145 0.6981251 0.6856357 0.6928644 0.6286372 0.6575040 
SAMD9L_Monodelphis_domestica      0.1864035 0.1847725 0.1601799 0.0553541 0.1863668 0.1887203 0.1901032 0.1703624 0.0000000 0.1731467 0.1864674 0.1720720 0.1885112 0.1809362 0.1704150 0.1696349 0.1845074 0.1850785 0.1803920 0.1620309 0.1647515 0.7101589 0.7037097 0.6610942 0.6889851 0.6680392 0.6653676 0.6670577 0.6834687 0.6943459 0.6839661 0.6701079 0.6506392 0.6734628 0.6528940 0.6544484 0.6589340 0.7044979 0.6996911 0.7033280 0.6489926 0.6716274 
SAMD9L_Myrmecobius_fasciatus      0.0547116 0.0552445 0.1549246 0.1749847 0.1656486 0.1673382 0.1698439 0.1563089 0.1731467 0.0000000 0.1649387 0.1540122 0.1678124 0.1570237 0.1489235 0.1469964 0.0528345 0.0552968 0.0530736 0.1414458 0.1422856 0.6966945 0.6923573 0.6432257 0.6861430 0.6477508 0.6534514 0.6539114 0.6746585 0.6845165 0.6716774 0.6484350 0.6456358 0.6565683 0.6466381 0.6411676 0.6466223 0.6972250 0.6823849 0.6881650 0.6398610 0.6636448 
SAMD9L_Notamacropus_eugenii       0.1750150 0.1768498 0.1611466 0.1830643 0.0248716 0.0164335 0.0166564 0.1633726 0.1864674 0.1649387 0.0000000 0.1107131 0.0338578 0.1103016 0.1047351 0.1034703 0.1762598 0.1720778 0.1697820 0.1044281 0.1160950 0.7265722 0.7228685 0.6709677 0.6989868 0.6696145 0.6710789 0.6720273 0.6839815 0.6997585 0.6895068 0.6643376 0.6623218 0.6804616 0.6654142 0.6502137 0.6639735 0.7238331 0.7062209 0.7123648 0.6532203 0.6779674 
SAMD9L_Phalanger_gymnotis         0.1616524 0.1634203 0.1446268 0.1660335 0.1123597 0.1127521 0.1152083 0.1493137 0.1720720 0.1540122 0.1107131 0.0000000 0.1135607 0.0967327 0.0891593 0.0885128 0.1626012 0.1626125 0.1594441 0.0389851 0.0963818 0.7002021 0.6985872 0.6479108 0.6895807 0.6524623 0.6534152 0.6557226 0.6770076 0.6952298 0.6746137 0.6510071 0.6305937 0.6597912 0.6406996 0.6310855 0.6394411 0.6956573 0.6849316 0.6880649 0.6306793 0.6580213 
SAMD9L_Potorous_gilbertii         0.1771172 0.1792448 0.1580779 0.1871125 0.0369828 0.0370971 0.0377956 0.1633166 0.1885112 0.1678124 0.0338578 0.1135607 0.0000000 0.1106231 0.1058580 0.1056503 0.1782187 0.1735702 0.1730325 0.1045447 0.1166379 0.7246359 0.7181270 0.6670085 0.6898951 0.6710078 0.6710643 0.6715403 0.6809973 0.6914219 0.6887329 0.6675857 0.6540153 0.6819065 0.6612202 0.6512683 0.6657962 0.7188502 0.7064368 0.7083028 0.6491856 0.6752450 
SAMD9L_Pseudocheirus_occidentalis 0.1643807 0.1660959 0.1482258 0.1751097 0.1128241 0.1114529 0.1133752 0.1502791 0.1809362 0.1570237 0.1103016 0.0967327 0.1106231 0.0000000 0.0395125 0.0401592 0.1646845 0.1625663 0.1609613 0.0865884 0.1009459 0.7031392 0.7035848 0.6522285 0.6865945 0.6466724 0.6523619 0.6546541 0.6732222 0.6905624 0.6726862 0.6473282 0.6467948 0.6654239 0.6447926 0.6448946 0.6492858 0.7030390 0.6890912 0.6945536 0.6411852 0.6590208 
SAMD9L_Pseudochirops_corinnae     0.1567301 0.1580571 0.1416150 0.1666328 0.1079891 0.1056594 0.1075634 0.1433100 0.1704150 0.1489235 0.1047351 0.0891593 0.1058580 0.0395125 0.0000000 0.0130974 0.1581213 0.1543081 0.1530121 0.0805242 0.0922636 0.6861579 0.6808541 0.6345243 0.6744187 0.6342643 0.6364969 0.6387492 0.6489629 0.6768770 0.6550464 0.6301513 0.6291133 0.6513683 0.6312914 0.6261217 0.6342697 0.6823742 0.6699195 0.6726622 0.6240058 0.6427790 
SAMD9L_Pseudochirops_cupreus      0.1562016 0.1575552 0.1401764 0.1667360 0.1072453 0.1043894 0.1062854 0.1440541 0.1696349 0.1469964 0.1034703 0.0885128 0.1056503 0.0401592 0.0130974 0.0000000 0.1570297 0.1529312 0.1522131 0.0808626 0.0931184 0.6861601 0.6819037 0.6348532 0.6775648 0.6366207 0.6374940 0.6397460 0.6503429 0.6782892 0.6551831 0.6311490 0.6308928 0.6511392 0.6328167 0.6276506 0.6357968 0.6834230 0.6687027 0.6727722 0.6238200 0.6396443 
SAMD9L_Sarcophilus_harrisii       0.0301869 0.0104631 0.1640987 0.1851595 0.1759158 0.1776626 0.1802174 0.1652098 0.1845074 0.0528345 0.1762598 0.1626012 0.1782187 0.1646845 0.1581213 0.1570297 0.0000000 0.0409190 0.0672305 0.1501543 0.1508720 0.6981513 0.7016502 0.6602372 0.6912491 0.6581720 0.6575028 0.6586233 0.6856479 0.6877258 0.6786550 0.6574430 0.6511403 0.6694779 0.6535978 0.6485095 0.6528743 0.6998322 0.6863419 0.6959403 0.6443988 0.6717773 
SAMD9L_Sminthopsis_crassicaudata  0.0420769 0.0440252 0.1594455 0.1853873 0.1699558 0.1711798 0.1749361 0.1662571 0.1850785 0.0552968 0.1720778 0.1626125 0.1735702 0.1625663 0.1543081 0.1529312 0.0409190 0.0000000 0.0675150 0.1506784 0.1472805 0.6912961 0.6901428 0.6481633 0.6829576 0.6526797 0.6530896 0.6535504 0.6716194 0.6870736 0.6707366 0.6518622 0.6354692 0.6553715 0.6411448 0.6391856 0.6447310 0.6910973 0.6762767 0.6876843 0.6316486 0.6586401 
SAMD9L_Thylacinus_cynocephalus    0.0686191 0.0692392 0.1624152 0.1797734 0.1689329 0.1725377 0.1753805 0.1615597 0.1803920 0.0530736 0.1697820 0.1594441 0.1730325 0.1609613 0.1530121 0.1522131 0.0672305 0.0675150 0.0000000 0.1473873 0.1497294 0.6969731 0.6936363 0.6460193 0.6806542 0.6527361 0.6580925 0.6585592 0.6827079 0.6762607 0.6737222 0.6560860 0.6487333 0.6596193 0.6476708 0.6405889 0.6480945 0.6954177 0.6815971 0.6859542 0.6420359 0.6622297 
SAMD9L_Trichosurus_vulpecula      0.1506285 0.1512040 0.1359678 0.1545426 0.1055458 0.1056439 0.1064649 0.1357749 0.1620309 0.1414458 0.1044281 0.0389851 0.1045447 0.0865884 0.0805242 0.0808626 0.1501543 0.1506784 0.1473873 0.0000000 0.0888724 0.6838835 0.6825748 0.6407365 0.6739750 0.6384691 0.6416959 0.6439595 0.6613416 0.6808256 0.6605502 0.6369673 0.6229087 0.6474164 0.6291972 0.6172003 0.6263421 0.6829522 0.6698327 0.6771755 0.6186716 0.6481273 
SAMD9L_Vombatus_ursinus           0.1488630 0.1515627 0.1336761 0.1628740 0.1161023 0.1168038 0.1190219 0.1417727 0.1647515 0.1422856 0.1160950 0.0963818 0.1166379 0.1009459 0.0922636 0.0931184 0.1508720 0.1472805 0.1497294 0.0888724 0.0000000 0.6790407 0.6773691 0.6392821 0.6791260 0.6318775 0.6325154 0.6347356 0.6631088 0.6823196 0.6574527 0.6301072 0.6314025 0.6414380 0.6355868 0.6283213 0.6350741 0.6786181 0.6619486 0.6809214 0.6266934 0.6419236 
SAMD9_Antechinus_flavipes         0.6899660 0.6983007 0.6589157 0.6909500 0.7220362 0.7189023 0.7224488 0.6952580 0.7101589 0.6966945 0.7265722 0.7002021 0.7246359 0.7031392 0.6861579 0.6861601 0.6981513 0.6912961 0.6969731 0.6838835 0.6790407 0.0000000 0.0426214 0.1685274 0.2507697 0.1553597 0.1617132 0.1621912 0.1929927 0.2416904 0.0798334 0.1586889 0.1491250 0.1612975 0.1565826 0.1564330 0.1587656 0.0390705 0.0528023 0.0902600 0.1517937 0.1444129 
SAMD9_Dasyurus_viverrinus         0.6901793 0.6997411 0.6536665 0.6871920 0.7205323 0.7169036 0.7204528 0.6948634 0.7037097 0.6923573 0.7228685 0.6985872 0.7181270 0.7035848 0.6808541 0.6819037 0.7016502 0.6901428 0.6936363 0.6825748 0.6773691 0.0426214 0.0000000 0.1661969 0.2521961 0.1511724 0.1581874 0.1586609 0.1869229 0.2400557 0.0810772 0.1551612 0.1456372 0.1572914 0.1548700 0.1555416 0.1573555 0.0140325 0.0551390 0.0899512 0.1481377 0.1409189 
SAMD9_Dromiciops_gliroides        0.6497122 0.6642227 0.6084922 0.6408888 0.6717658 0.6625393 0.6665438 0.6571392 0.6610942 0.6432257 0.6709677 0.6479108 0.6670085 0.6522285 0.6345243 0.6348532 0.6602372 0.6481633 0.6460193 0.6407365 0.6392821 0.1685274 0.1661969 0.0000000 0.2268110 0.1293929 0.1327551 0.1323617 0.1711568 0.2253555 0.1588307 0.1306477 0.1350369 0.1386094 0.1337406 0.1359488 0.1336666 0.1645827 0.1651383 0.1609009 0.1304066 0.1209971 
SAMD9_Gracilinanus_agilis         0.6827757 0.6931689 0.6588902 0.6767681 0.7001801 0.6943360 0.6942792 0.6888432 0.6889851 0.6861430 0.6989868 0.6895807 0.6898951 0.6865945 0.6744187 0.6775648 0.6912491 0.6829576 0.6806542 0.6739750 0.6791260 0.2507697 0.2521961 0.2268110 0.0000000 0.2305865 0.2315732 0.2329104 0.2533560 0.0851839 0.2463728 0.2304229 0.2200757 0.2363760 0.2280135 0.2320318 0.2316327 0.2532044 0.2486779 0.2522620 0.2223017 0.2172390 
SAMD9_Lagorchestes_hirsutus       0.6511687 0.6558510 0.6122529 0.6457137 0.6714794 0.6611618 0.6633193 0.6531932 0.6680392 0.6477508 0.6696145 0.6524623 0.6710078 0.6466724 0.6342643 0.6366207 0.6581720 0.6526797 0.6527361 0.6384691 0.6318775 0.1553597 0.1511724 0.1293929 0.2305865 0.0000000 0.0257879 0.0264845 0.1624448 0.2238227 0.1470977 0.0264123 0.0984786 0.0430637 0.1001518 0.1008737 0.0985394 0.1516270 0.1500933 0.1537317 0.0928604 0.0998134 
SAMD9_Macropus_fuliginosus        0.6499319 0.6552199 0.6152022 0.6485735 0.6725855 0.6626490 0.6635760 0.6560529 0.6653676 0.6534514 0.6710789 0.6534152 0.6710643 0.6523619 0.6364969 0.6374940 0.6575028 0.6530896 0.6580925 0.6416959 0.6325154 0.1617132 0.1581874 0.1327551 0.2315732 0.0257879 0.0000000 0.0029615 0.1695866 0.2254752 0.1542647 0.0194539 0.0998994 0.0479035 0.1042891 0.1064518 0.1029876 0.1569360 0.1558322 0.1608385 0.0945076 0.1040672 
SAMD9_Macropus_giganteus          0.6503897 0.6563387 0.6156232 0.6502292 0.6735349 0.6635884 0.6645164 0.6565110 0.6670577 0.6539114 0.6720273 0.6557226 0.6715403 0.6546541 0.6387492 0.6397460 0.6586233 0.6535504 0.6585592 0.6439595 0.6347356 0.1621912 0.1586609 0.1323617 0.2329104 0.0264845 0.0029615 0.0000000 0.1709839 0.2267962 0.1529834 0.0203543 0.1002636 0.0479322 0.1051932 0.1073635 0.1038909 0.1568145 0.1560347 0.1619099 0.0948254 0.1049688 
SAMD9_Macrotis_lagotis            0.6750911 0.6839942 0.6326309 0.6639357 0.6822280 0.6775279 0.6805016 0.6685854 0.6834687 0.6746585 0.6839815 0.6770076 0.6809973 0.6732222 0.6489629 0.6503429 0.6856479 0.6716194 0.6827079 0.6613416 0.6631088 0.1929927 0.1869229 0.1711568 0.2533560 0.1624448 0.1695866 0.1709839 0.0000000 0.2434813 0.1804387 0.1678047 0.1554893 0.1687857 0.1603101 0.1581175 0.1606339 0.1873518 0.1899064 0.1862830 0.1543413 0.1457636 
SAMD9_Monodelphis_domestica       0.6841137 0.6910316 0.6691979 0.6880181 0.7011924 0.6945668 0.6967941 0.6981297 0.6943459 0.6845165 0.6997585 0.6952298 0.6914219 0.6905624 0.6768770 0.6782892 0.6877258 0.6870736 0.6762607 0.6808256 0.6823196 0.2416904 0.2400557 0.2253555 0.0851839 0.2238227 0.2254752 0.2267962 0.2434813 0.0000000 0.2361276 0.2257858 0.2187272 0.2335136 0.2230618 0.2219796 0.2263042 0.2403010 0.2379916 0.2397560 0.2191875 0.2168533 
SAMD9_Myrmecobius_fasciatus       0.6713436 0.6777539 0.6315771 0.6606509 0.6896414 0.6816230 0.6852568 0.6764319 0.6839661 0.6716774 0.6895068 0.6746137 0.6887329 0.6726862 0.6550464 0.6551831 0.6786550 0.6707366 0.6737222 0.6605502 0.6574527 0.0798334 0.0810772 0.1588307 0.2463728 0.1470977 0.1542647 0.1529834 0.1804387 0.2361276 0.0000000 0.1502314 0.1413378 0.1509183 0.1449272 0.1463903 0.1483107 0.0787320 0.0782258 0.0759406 0.1419842 0.1328064 
SAMD9_Notamacropus_eugenii        0.6510091 0.6563900 0.6084979 0.6486419 0.6680307 0.6562629 0.6571832 0.6484393 0.6701079 0.6484350 0.6643376 0.6510071 0.6675857 0.6473282 0.6301513 0.6311490 0.6574430 0.6518622 0.6560860 0.6369673 0.6301072 0.1586889 0.1551612 0.1306477 0.2304229 0.0264123 0.0194539 0.0203543 0.1678047 0.2257858 0.1502314 0.0000000 0.0980188 0.0487418 0.1018037 0.1031706 0.0994946 0.1541143 0.1524815 0.1590776 0.0952430 0.1010758 
SAMD9_Phalanger_gymnotis          0.6422272 0.6493412 0.6082629 0.6329813 0.6633818 0.6563750 0.6597481 0.6376850 0.6506392 0.6456358 0.6623218 0.6305937 0.6540153 0.6467948 0.6291133 0.6308928 0.6511403 0.6354692 0.6487333 0.6229087 0.6314025 0.1491250 0.1456372 0.1350369 0.2200757 0.0984786 0.0998994 0.1002636 0.1554893 0.2187272 0.1413378 0.0980188 0.0000000 0.1014053 0.0917988 0.0961814 0.0942877 0.1441594 0.1437094 0.1505881 0.0375607 0.0948424 
SAMD9_Potorous_gilbertii          0.6602478 0.6659447 0.6251445 0.6566209 0.6847267 0.6719288 0.6753482 0.6640081 0.6734628 0.6565683 0.6804616 0.6597912 0.6819065 0.6654239 0.6513683 0.6511392 0.6694779 0.6553715 0.6596193 0.6474164 0.6414380 0.1612975 0.1572914 0.1386094 0.2363760 0.0430637 0.0479035 0.0479322 0.1687857 0.2335136 0.1509183 0.0487418 0.1014053 0.0000000 0.1041974 0.1065813 0.1031772 0.1566347 0.1559770 0.1626089 0.0983194 0.0999766 
SAMD9_Pseudocheirus_occidentalis  0.6418673 0.6530014 0.6154245 0.6275403 0.6700294 0.6603218 0.6651331 0.6441124 0.6528940 0.6466381 0.6654142 0.6406996 0.6612202 0.6447926 0.6312914 0.6328167 0.6535978 0.6411448 0.6476708 0.6291972 0.6355868 0.1565826 0.1548700 0.1337406 0.2280135 0.1001518 0.1042891 0.1051932 0.1603101 0.2230618 0.1449272 0.1018037 0.0917988 0.1041974 0.0000000 0.0523199 0.0497432 0.1536376 0.1507688 0.1546760 0.0898498 0.1001582 
SAMD9_Pseudochirops_corinnae      0.6386681 0.6465384 0.6052571 0.6276328 0.6598091 0.6483477 0.6523257 0.6412575 0.6544484 0.6411676 0.6502137 0.6310855 0.6512683 0.6448946 0.6261217 0.6276506 0.6485095 0.6391856 0.6405889 0.6172003 0.6283213 0.1564330 0.1555416 0.1359488 0.2320318 0.1008737 0.1064518 0.1073635 0.1581175 0.2219796 0.1463903 0.1031706 0.0961814 0.1065813 0.0523199 0.0000000 0.0188110 0.1536745 0.1516653 0.1546847 0.0941167 0.0977819 
SAMD9_Pseudochirops_cupreus       0.6406459 0.6515358 0.6134001 0.6331365 0.6712179 0.6621041 0.6661228 0.6424145 0.6589340 0.6466223 0.6639735 0.6394411 0.6657962 0.6492858 0.6342697 0.6357968 0.6528743 0.6447310 0.6480945 0.6263421 0.6350741 0.1587656 0.1573555 0.1336666 0.2316327 0.0985394 0.1029876 0.1038909 0.1606339 0.2263042 0.1483107 0.0994946 0.0942877 0.1031772 0.0497432 0.0188110 0.0000000 0.1557888 0.1523592 0.1579175 0.0924890 0.0994382 
SAMD9_Sarcophilus_harrisii        0.6890661 0.6979260 0.6535694 0.6858183 0.7206923 0.7169398 0.7204929 0.6981251 0.7044979 0.6972250 0.7238331 0.6956573 0.7188502 0.7030390 0.6823742 0.6834230 0.6998322 0.6910973 0.6954177 0.6829522 0.6786181 0.0390705 0.0140325 0.1645827 0.2532044 0.1516270 0.1569360 0.1568145 0.1873518 0.2403010 0.0787320 0.1541143 0.1441594 0.1566347 0.1536376 0.1536745 0.1557888 0.0000000 0.0519546 0.0896540 0.1478102 0.1415154 
SAMD9_Sminthopsis_crassicaudata   0.6774132 0.6859233 0.6387754 0.6840460 0.7030179 0.6974231 0.7009053 0.6856357 0.6996911 0.6823849 0.7062209 0.6849316 0.7064368 0.6890912 0.6699195 0.6687027 0.6863419 0.6762767 0.6815971 0.6698327 0.6619486 0.0528023 0.0551390 0.1651383 0.2486779 0.1500933 0.1558322 0.1560347 0.1899064 0.2379916 0.0782258 0.1524815 0.1437094 0.1559770 0.1507688 0.1516653 0.1523592 0.0519546 0.0000000 0.0904620 0.1473283 0.1428283 
SAMD9_Thylacinus_cynocephalus     0.6901753 0.6943280 0.6507621 0.6822721 0.7126882 0.7057655 0.7084918 0.6928644 0.7033280 0.6881650 0.7123648 0.6880649 0.7083028 0.6945536 0.6726622 0.6727722 0.6959403 0.6876843 0.6859542 0.6771755 0.6809214 0.0902600 0.0899512 0.1609009 0.2522620 0.1537317 0.1608385 0.1619099 0.1862830 0.2397560 0.0759406 0.1590776 0.1505881 0.1626089 0.1546760 0.1546847 0.1579175 0.0896540 0.0904620 0.0000000 0.1501360 0.1421273 
SAMD9_Trichosurus_vulpecula       0.6372013 0.6441613 0.6037956 0.6296946 0.6562234 0.6466487 0.6499796 0.6286372 0.6489926 0.6398610 0.6532203 0.6306793 0.6491856 0.6411852 0.6240058 0.6238200 0.6443988 0.6316486 0.6420359 0.6186716 0.6266934 0.1517937 0.1481377 0.1304066 0.2223017 0.0928604 0.0945076 0.0948254 0.1543413 0.2191875 0.1419842 0.0952430 0.0375607 0.0983194 0.0898498 0.0941167 0.0924890 0.1478102 0.1473283 0.1501360 0.0000000 0.0896599 
SAMD9_Vombatus_ursinus            0.6652465 0.6707341 0.6129443 0.6486287 0.6900935 0.6768220 0.6757584 0.6575040 0.6716274 0.6636448 0.6779674 0.6580213 0.6752450 0.6590208 0.6427790 0.6396443 0.6717773 0.6586401 0.6622297 0.6481273 0.6419236 0.1444129 0.1409189 0.1209971 0.2172390 0.0998134 0.1040672 0.1049688 0.1457636 0.2168533 0.1328064 0.1010758 0.0948424 0.0999766 0.1001582 0.0977819 0.0994382 0.1415154 0.1428283 0.1421273 0.0896599 0.0000000 
