42
SAMD9L_Antechinus_flavipes        0.0000000 0.0396887 0.1489457 0.1898777 0.1743599 0.1782156 0.1861380 0.1678882 0.1840765 0.0531195 0.1783558 0.1464378 0.1654341 0.1437053 0.1455253 0.1479282 0.0274323 0.0453020 0.0676665 0.1421904 0.1237058 0.5724914 0.5797864 0.5564403 0.5951515 0.5324785 0.5406887 0.5491590 0.5815129 0.5841994 0.5934451 0.5441721 0.5396134 0.5421316 0.5373154 0.5414669 0.5247207 0.5756601 0.5614701 0.6080338 0.5400624 0.5499762 
SAMD9L_Dasyurus_viverrinus        0.0396887 0.0000000 0.1626862 0.1948305 0.1905722 0.1946428 0.2029007 0.1793225 0.1834970 0.0638600 0.1948051 0.1586323 0.1843334 0.1621007 0.1583531 0.1636947 0.0198399 0.0617241 0.0752727 0.1514499 0.1414552 0.5969955 0.6047342 0.5802535 0.6216264 0.5420464 0.5557367 0.5643939 0.5962813 0.6160675 0.6043404 0.5590878 0.5578197 0.5493610 0.5640866 0.5680277 0.5562224 0.6004525 0.5802528 0.6136109 0.5527504 0.5629249 
SAMD9L_Dromiciops_gliroides       0.1489457 0.1626862 0.0000000 0.1682622 0.1479590 0.1492603 0.1523660 0.1420033 0.1662385 0.1441539 0.1507620 0.1169741 0.1366238 0.1268688 0.1302748 0.1299206 0.1537746 0.1431872 0.1550565 0.1103568 0.1038376 0.5400219 0.5438832 0.4878758 0.5644764 0.4966034 0.4990556 0.5068811 0.5455084 0.5627217 0.5413660 0.4981124 0.4934924 0.5108068 0.5208436 0.5082320 0.5029833 0.5427958 0.5235175 0.5702984 0.4816563 0.4950568 
SAMD9L_Gracilinanus_agilis        0.1898777 0.1948305 0.1682622 0.0000000 0.1892129 0.2015761 0.2035499 0.1734691 0.0590281 0.1832688 0.2040198 0.1634314 0.1897925 0.1706066 0.1702663 0.1726229 0.1898983 0.1951014 0.2000508 0.1504650 0.1576710 0.6011956 0.6151360 0.5682587 0.6170776 0.5847175 0.5990906 0.6081442 0.5767987 0.6093207 0.6191517 0.6008783 0.5516719 0.5776473 0.5573788 0.5661326 0.5543773 0.6108605 0.5936441 0.6305328 0.5520164 0.5787472 
SAMD9L_Lagorchestes_hirsutus      0.1743599 0.1905722 0.1479590 0.1892129 0.0000000 0.0329067 0.0373610 0.1705762 0.1825625 0.1743451 0.0340275 0.1236268 0.0239782 0.1019443 0.1101901 0.1099241 0.1818645 0.1642662 0.1669049 0.1195046 0.1026397 0.5937809 0.6036608 0.5629099 0.6231361 0.5548425 0.5603021 0.5689452 0.5871512 0.6372241 0.5999648 0.5695660 0.5456128 0.5563133 0.5690132 0.5566833 0.5586979 0.6060373 0.5765619 0.6359507 0.5385778 0.5700508 
SAMD9L_Macropus_fuliginosus       0.1782156 0.1946428 0.1492603 0.2015761 0.0329067 0.0000000 0.0102521 0.1698261 0.1964049 0.1737780 0.0155993 0.1312004 0.0273460 0.1024031 0.1070253 0.1067666 0.1858270 0.1710401 0.1712700 0.1230213 0.1111733 0.5761789 0.5900792 0.5344192 0.5913280 0.5220145 0.5294197 0.5375883 0.5700174 0.6044242 0.5781445 0.5300670 0.5316708 0.5184223 0.5359748 0.5237611 0.5257468 0.5923545 0.5583481 0.6105870 0.5142809 0.5343036 
SAMD9L_Macropus_giganteus         0.1861380 0.2029007 0.1523660 0.2035499 0.0373610 0.0102521 0.0000000 0.1700935 0.1999739 0.1786805 0.0220064 0.1368655 0.0295493 0.1064592 0.1111515 0.1108806 0.1939205 0.1789441 0.1793087 0.1231741 0.1166036 0.5729592 0.5868720 0.5342191 0.5817463 0.5188160 0.5262129 0.5343715 0.5667507 0.6012010 0.5748839 0.5268723 0.5284774 0.5202751 0.5385493 0.5235287 0.5255216 0.5891386 0.5551473 0.6098383 0.5111026 0.5311139 
SAMD9L_Macrotis_lagotis           0.1678882 0.1793225 0.1420033 0.1734691 0.1705762 0.1698261 0.1700935 0.0000000 0.1840216 0.1668262 0.1751397 0.1319505 0.1558509 0.1355363 0.1338894 0.1367658 0.1711210 0.1748257 0.1726347 0.1242108 0.1273459 0.6254486 0.6360236 0.5613504 0.6127516 0.5527198 0.5636078 0.5723039 0.6087313 0.6227251 0.6393254 0.5592465 0.5383044 0.5622291 0.5559746 0.5712355 0.5600757 0.6315423 0.6090545 0.6632348 0.5330141 0.5629209 
SAMD9L_Monodelphis_domestica      0.1840765 0.1834970 0.1662385 0.0590281 0.1825625 0.1964049 0.1999739 0.1840216 0.0000000 0.1768767 0.1988031 0.1695511 0.1925118 0.1767166 0.1748203 0.1743954 0.1847975 0.1929254 0.1866532 0.1578153 0.1491335 0.6167636 0.6255327 0.6042695 0.6397563 0.5912389 0.5948864 0.6039237 0.6270476 0.6261970 0.6462399 0.6100339 0.5783953 0.5906712 0.5863853 0.5985615 0.5863253 0.6211717 0.6036191 0.6605762 0.5842283 0.6114558 
SAMD9L_Myrmecobius_fasciatus      0.0531195 0.0638600 0.1441539 0.1832688 0.1743451 0.1737780 0.1786805 0.1668262 0.1768767 0.0000000 0.1753642 0.1433194 0.1624102 0.1429848 0.1448094 0.1444084 0.0533374 0.0615884 0.0652477 0.1331070 0.1215333 0.5673985 0.5745654 0.5224095 0.5875834 0.5096152 0.5227510 0.5309674 0.5711166 0.5764765 0.5747559 0.5242536 0.5194060 0.5116425 0.5364495 0.5316226 0.5256000 0.5787673 0.5564898 0.5999238 0.5146988 0.5324878 
SAMD9L_Notamacropus_eugenii       0.1783558 0.1948051 0.1507620 0.2040198 0.0340275 0.0155993 0.0220064 0.1751397 0.1988031 0.1753642 0.0000000 0.1299673 0.0262828 0.1012101 0.1097546 0.1094879 0.1859775 0.1711731 0.1714055 0.1271592 0.1125854 0.5967952 0.6033694 0.5496275 0.5991718 0.5423429 0.5500004 0.5584559 0.5788685 0.6149057 0.5967120 0.5492531 0.5434650 0.5386469 0.5538447 0.5413273 0.5433269 0.6057228 0.5765231 0.6240710 0.5287953 0.5544910 
SAMD9L_Phalanger_gymnotis         0.1464378 0.1586323 0.1169741 0.1634314 0.1236268 0.1312004 0.1368655 0.1319505 0.1695511 0.1433194 0.1299673 0.0000000 0.1116657 0.0908871 0.0898253 0.0935888 0.1499048 0.1529162 0.1474380 0.0358580 0.0958891 0.5569397 0.5586042 0.5085278 0.5704851 0.5100448 0.5200184 0.5280697 0.5483788 0.5802234 0.5633540 0.5165724 0.4993230 0.5045148 0.5173213 0.5034249 0.4954042 0.5626786 0.5297676 0.5689964 0.4923039 0.5036057 
SAMD9L_Potorous_gilbertii         0.1654341 0.1843334 0.1366238 0.1897925 0.0239782 0.0273460 0.0295493 0.1558509 0.1925118 0.1624102 0.0262828 0.1116657 0.0000000 0.0968369 0.1024160 0.1021720 0.1727610 0.1583038 0.1642749 0.1089798 0.1000261 0.5794548 0.5804570 0.5376765 0.5846364 0.5277780 0.5353132 0.5436287 0.5694845 0.6001629 0.5820216 0.5421920 0.5163075 0.5292456 0.5391580 0.5244781 0.5264843 0.5827112 0.5656111 0.6148158 0.5144617 0.5398408 
SAMD9L_Pseudocheirus_occidentalis 0.1437053 0.1621007 0.1268688 0.1706066 0.1019443 0.1024031 0.1064592 0.1355363 0.1767166 0.1429848 0.1012101 0.0908871 0.0968369 0.0000000 0.0284479 0.0294844 0.1532958 0.1522000 0.1444808 0.0847071 0.0851022 0.5748751 0.5875025 0.5259145 0.5869100 0.5152358 0.5254846 0.5335601 0.5728182 0.5994863 0.5817211 0.5246175 0.5343003 0.5383987 0.5347613 0.5308756 0.5195326 0.5833853 0.5576489 0.6040030 0.5217943 0.5377725 
SAMD9L_Pseudochirops_corinnae     0.1455253 0.1583531 0.1302748 0.1702663 0.1101901 0.1070253 0.1111515 0.1338894 0.1748203 0.1448094 0.1097546 0.0898253 0.1024160 0.0284479 0.0000000 0.0113035 0.1551847 0.1555831 0.1436035 0.0851010 0.0842982 0.5615101 0.5768240 0.5156318 0.5872190 0.5290614 0.5343039 0.5425502 0.5670947 0.5900826 0.5709917 0.5305987 0.5241106 0.5385214 0.5296162 0.5257443 0.5144171 0.5727445 0.5472479 0.5843029 0.5168554 0.5305484 
SAMD9L_Pseudochirops_cupreus      0.1479282 0.1636947 0.1299206 0.1726229 0.1099241 0.1067666 0.1108806 0.1367658 0.1743954 0.1444084 0.1094879 0.0935888 0.1021720 0.0294844 0.0113035 0.0000000 0.1576166 0.1580216 0.1446820 0.0873646 0.0890632 0.5639586 0.5793863 0.5155085 0.5874064 0.5289951 0.5342591 0.5425404 0.5671921 0.5902832 0.5735376 0.5305391 0.5240241 0.5384953 0.5268218 0.5229489 0.5116055 0.5752779 0.5496027 0.5869140 0.5167394 0.5304882 
SAMD9L_Sarcophilus_harrisii       0.0274323 0.0198399 0.1537746 0.1898983 0.1818645 0.1858270 0.1939205 0.1711210 0.1847975 0.0533374 0.1859775 0.1499048 0.1727610 0.1532958 0.1551847 0.1576166 0.0000000 0.0510504 0.0692303 0.1428344 0.1337997 0.5910139 0.6041955 0.5664224 0.6184894 0.5416959 0.5553785 0.5640313 0.5959676 0.6073173 0.6037985 0.5534729 0.5496240 0.5490084 0.5478549 0.5569447 0.5452514 0.5999176 0.5714740 0.6161207 0.5500393 0.5601770 
SAMD9L_Sminthopsis_crassicaudata  0.0453020 0.0617241 0.1431872 0.1951014 0.1642662 0.1710401 0.1789441 0.1748257 0.1929254 0.0615884 0.1711731 0.1529162 0.1583038 0.1522000 0.1555831 0.1580216 0.0510504 0.0000000 0.0790669 0.1485951 0.1298239 0.5842265 0.5887790 0.5544163 0.5981782 0.5352949 0.5490260 0.5575930 0.5777990 0.5841282 0.5973886 0.5524339 0.5339801 0.5402168 0.5439100 0.5396238 0.5334783 0.5875382 0.5648469 0.6172247 0.5351835 0.5343426 
SAMD9L_Thylacinus_cynocephalus    0.0676665 0.0752727 0.1550565 0.2000508 0.1669049 0.1712700 0.1793087 0.1726347 0.1866532 0.0652477 0.1714055 0.1474380 0.1642749 0.1444808 0.1436035 0.1446820 0.0692303 0.0790669 0.0000000 0.1402624 0.1251324 0.5579681 0.5651176 0.5288237 0.5786667 0.5125561 0.5291511 0.5376346 0.5759258 0.5649311 0.5844982 0.5334842 0.5263204 0.5228796 0.5294164 0.5296813 0.5235357 0.5610173 0.5497999 0.5897423 0.5261324 0.5386914 
SAMD9L_Trichosurus_vulpecula      0.1421904 0.1514499 0.1103568 0.1504650 0.1195046 0.1230213 0.1231741 0.1242108 0.1578153 0.1331070 0.1271592 0.0358580 0.1089798 0.0847071 0.0851010 0.0873646 0.1428344 0.1485951 0.1402624 0.0000000 0.0834531 0.5525113 0.5593753 0.5152935 0.5663595 0.5061790 0.5161016 0.5241201 0.5445287 0.5844369 0.5590355 0.5127029 0.4979723 0.5057872 0.5139371 0.5051103 0.4970618 0.5689555 0.5306850 0.5728725 0.4959828 0.5024179 
SAMD9L_Vombatus_ursinus           0.1237058 0.1414552 0.1038376 0.1576710 0.1026397 0.1111733 0.1166036 0.1273459 0.1491335 0.1215333 0.1125854 0.0958891 0.1000261 0.0851022 0.0842982 0.0890632 0.1337997 0.1298239 0.1251324 0.0834531 0.0000000 0.5360991 0.5503157 0.5155657 0.5704452 0.5043433 0.5194327 0.5274677 0.5538264 0.5685980 0.5559096 0.5182530 0.5143220 0.5135477 0.5334082 0.5245027 0.5185383 0.5464077 0.5241439 0.5879109 0.5021664 0.5244110 
SAMD9_Antechinus_flavipes         0.5724914 0.5969955 0.5400219 0.6011956 0.5937809 0.5761789 0.5729592 0.6254486 0.6167636 0.5673985 0.5967952 0.5569397 0.5794548 0.5748751 0.5615101 0.5639586 0.5910139 0.5842265 0.5579681 0.5525113 0.5360991 0.0000000 0.0321351 0.1314380 0.1947415 0.1259950 0.1322775 0.1354903 0.1616966 0.1859599 0.0713650 0.1443343 0.1232672 0.1393114 0.1318070 0.1231396 0.1185196 0.0377459 0.0332771 0.0775573 0.1157969 0.1155755 
SAMD9_Dasyurus_viverrinus         0.5797864 0.6047342 0.5438832 0.6151360 0.6036608 0.5900792 0.5868720 0.6360236 0.6255327 0.5745654 0.6033694 0.5586042 0.5804570 0.5875025 0.5768240 0.5793863 0.6041955 0.5887790 0.5651176 0.5593753 0.5503157 0.0321351 0.0000000 0.1333796 0.1980642 0.1291641 0.1313241 0.1345392 0.1564366 0.1785252 0.0728267 0.1448543 0.1183539 0.1425836 0.1351077 0.1263709 0.1189885 0.0072657 0.0356275 0.0781286 0.1135939 0.1200192 
SAMD9_Dromiciops_gliroides        0.5564403 0.5802535 0.4878758 0.5682587 0.5629099 0.5344192 0.5342191 0.5613504 0.6042695 0.5224095 0.5496275 0.5085278 0.5376765 0.5259145 0.5156318 0.5155085 0.5664224 0.5544163 0.5288237 0.5152935 0.5155657 0.1314380 0.1333796 0.0000000 0.1752970 0.1164696 0.1208141 0.1239196 0.1563339 0.1726048 0.1374765 0.1298455 0.1089249 0.1213339 0.1146164 0.1087942 0.0993078 0.1364381 0.1308894 0.1446381 0.1068703 0.1016480 
SAMD9_Gracilinanus_agilis         0.5951515 0.6216264 0.5644764 0.6170776 0.6231361 0.5913280 0.5817463 0.6127516 0.6397563 0.5875834 0.5991718 0.5704851 0.5846364 0.5869100 0.5872190 0.5874064 0.6184894 0.5981782 0.5786667 0.5663595 0.5704452 0.1947415 0.1980642 0.1752970 0.0000000 0.1843987 0.1879979 0.1918476 0.2062211 0.0732224 0.1997901 0.2069861 0.1723570 0.1882053 0.1693659 0.1742818 0.1673932 0.1978993 0.1975424 0.2084397 0.1717770 0.1643241 
SAMD9_Lagorchestes_hirsutus       0.5324785 0.5420464 0.4966034 0.5847175 0.5548425 0.5220145 0.5188160 0.5527198 0.5912389 0.5096152 0.5423429 0.5100448 0.5277780 0.5152358 0.5290614 0.5289951 0.5416959 0.5352949 0.5125561 0.5061790 0.5043433 0.1259950 0.1291641 0.1164696 0.1843987 0.0000000 0.0189279 0.0222042 0.1527144 0.1760325 0.1283796 0.0288154 0.0879901 0.0354236 0.0831118 0.0842076 0.0715410 0.1321619 0.1160380 0.1488602 0.0786803 0.0853776 
SAMD9_Macropus_fuliginosus        0.5406887 0.5557367 0.4990556 0.5990906 0.5603021 0.5294197 0.5262129 0.5636078 0.5948864 0.5227510 0.5500004 0.5200184 0.5353132 0.5254846 0.5343039 0.5342591 0.5553785 0.5490260 0.5291511 0.5161016 0.5194327 0.1322775 0.1313241 0.1208141 0.1879979 0.0189279 0.0000000 0.0030852 0.1670852 0.1826290 0.1402606 0.0243520 0.0960117 0.0446032 0.0911302 0.0922330 0.0768157 0.1343541 0.1234354 0.1613234 0.0890685 0.0959750 
SAMD9_Macropus_giganteus          0.5491590 0.5643939 0.5068811 0.6081442 0.5689452 0.5375883 0.5343715 0.5723039 0.6039237 0.5309674 0.5584559 0.5280697 0.5436287 0.5335601 0.5425502 0.5425404 0.5640313 0.5575930 0.5376346 0.5241201 0.5274677 0.1354903 0.1345392 0.1239196 0.1918476 0.0222042 0.0030852 0.0000000 0.1707009 0.1863874 0.1392834 0.0276811 0.0988864 0.0481401 0.0939726 0.0950792 0.0795283 0.1348020 0.1265600 0.1648270 0.0918700 0.0988481 
SAMD9_Macrotis_lagotis            0.5815129 0.5962813 0.5455084 0.5767987 0.5871512 0.5700174 0.5667507 0.6087313 0.6270476 0.5711166 0.5788685 0.5483788 0.5694845 0.5728182 0.5670947 0.5671921 0.5959676 0.5777990 0.5759258 0.5445287 0.5538264 0.1616966 0.1564366 0.1563339 0.2062211 0.1527144 0.1670852 0.1707009 0.0000000 0.2047730 0.1689252 0.1766341 0.1387345 0.1579982 0.1541563 0.1461122 0.1397496 0.1597182 0.1628662 0.1754567 0.1337817 0.1314850 
SAMD9_Monodelphis_domestica       0.5841994 0.6160675 0.5627217 0.6093207 0.6372241 0.6044242 0.6012010 0.6227251 0.6261970 0.5764765 0.6149057 0.5802234 0.6001629 0.5994863 0.5900826 0.5902832 0.6073173 0.5841282 0.5649311 0.5844369 0.5685980 0.1859599 0.1785252 0.1726048 0.0732224 0.1760325 0.1826290 0.1863874 0.2047730 0.0000000 0.1896449 0.1964146 0.1644046 0.1782184 0.1742107 0.1693570 0.1662066 0.1783843 0.1795028 0.1917088 0.1677373 0.1635207 
SAMD9_Myrmecobius_fasciatus       0.5934451 0.6043404 0.5413660 0.6191517 0.5999648 0.5781445 0.5748839 0.6393254 0.6462399 0.5747559 0.5967120 0.5633540 0.5820216 0.5817211 0.5709917 0.5735376 0.6037985 0.5973886 0.5844982 0.5590355 0.5559096 0.0713650 0.0728267 0.1374765 0.1997901 0.1283796 0.1402606 0.1392834 0.1689252 0.1896449 0.0000000 0.1493248 0.1224811 0.1450602 0.1269345 0.1263725 0.1163166 0.0766137 0.0666742 0.0706496 0.1149723 0.1117998 
SAMD9_Notamacropus_eugenii        0.5441721 0.5590878 0.4981124 0.6008783 0.5695660 0.5300670 0.5268723 0.5592465 0.6100339 0.5242536 0.5492531 0.5165724 0.5421920 0.5246175 0.5305987 0.5305391 0.5534729 0.5524339 0.5334842 0.5127029 0.5182530 0.1443343 0.1448543 0.1298455 0.2069861 0.0288154 0.0243520 0.0276811 0.1766341 0.1964146 0.1493248 0.0000000 0.0999495 0.0552304 0.0977123 0.0966499 0.0810067 0.1479951 0.1338623 0.1728473 0.0969237 0.1030400 
SAMD9_Phalanger_gymnotis          0.5396134 0.5578197 0.4934924 0.5516719 0.5456128 0.5316708 0.5284774 0.5383044 0.5783953 0.5194060 0.5434650 0.4993230 0.5163075 0.5343003 0.5241106 0.5240241 0.5496240 0.5339801 0.5263204 0.4979723 0.5143220 0.1232672 0.1183539 0.1089249 0.1723570 0.0879901 0.0960117 0.0988864 0.1387345 0.1644046 0.1224811 0.0999495 0.0000000 0.0888514 0.0712303 0.0749503 0.0662299 0.1212816 0.1204288 0.1396498 0.0400735 0.0746789 
SAMD9_Potorous_gilbertii          0.5421316 0.5493610 0.5108068 0.5776473 0.5563133 0.5184223 0.5202751 0.5622291 0.5906712 0.5116425 0.5386469 0.5045148 0.5292456 0.5383987 0.5385214 0.5384953 0.5490084 0.5402168 0.5228796 0.5057872 0.5135477 0.1393114 0.1425836 0.1213339 0.1882053 0.0354236 0.0446032 0.0481401 0.1579982 0.1782184 0.1450602 0.0552304 0.0888514 0.0000000 0.0916151 0.0901728 0.0798589 0.1456613 0.1331589 0.1567560 0.0783580 0.0838241 
SAMD9_Pseudocheirus_occidentalis  0.5373154 0.5640866 0.5208436 0.5573788 0.5690132 0.5359748 0.5385493 0.5559746 0.5863853 0.5364495 0.5538447 0.5173213 0.5391580 0.5347613 0.5296162 0.5268218 0.5478549 0.5439100 0.5294164 0.5139371 0.5334082 0.1318070 0.1351077 0.1146164 0.1693659 0.0831118 0.0911302 0.0939726 0.1541563 0.1742107 0.1269345 0.0977123 0.0712303 0.0916151 0.0000000 0.0435045 0.0343641 0.1381543 0.1275146 0.1387057 0.0696243 0.0812910 
SAMD9_Pseudochirops_corinnae      0.5414669 0.5680277 0.5082320 0.5661326 0.5566833 0.5237611 0.5235287 0.5712355 0.5985615 0.5316226 0.5413273 0.5034249 0.5244781 0.5308756 0.5257443 0.5229489 0.5569447 0.5396238 0.5296813 0.5051103 0.5245027 0.1231396 0.1263709 0.1087942 0.1742818 0.0842076 0.0922330 0.0950792 0.1461122 0.1693570 0.1263725 0.0966499 0.0749503 0.0901728 0.0435045 0.0000000 0.0146194 0.1293481 0.1229496 0.1395122 0.0720635 0.0713413 
SAMD9_Pseudochirops_cupreus       0.5247207 0.5562224 0.5029833 0.5543773 0.5586979 0.5257468 0.5255216 0.5600757 0.5863253 0.5256000 0.5433269 0.4954042 0.5264843 0.5195326 0.5144171 0.5116055 0.5452514 0.5334783 0.5235357 0.4970618 0.5185383 0.1185196 0.1189885 0.0993078 0.1673932 0.0715410 0.0768157 0.0795283 0.1397496 0.1662066 0.1163166 0.0810067 0.0662299 0.0798589 0.0343641 0.0146194 0.0000000 0.1219023 0.1143701 0.1291258 0.0658324 0.0674215 
SAMD9_Sarcophilus_harrisii        0.5756601 0.6004525 0.5427958 0.6108605 0.6060373 0.5923545 0.5891386 0.6315423 0.6211717 0.5787673 0.6057228 0.5626786 0.5827112 0.5833853 0.5727445 0.5752779 0.5999176 0.5875382 0.5610173 0.5689555 0.5464077 0.0377459 0.0072657 0.1364381 0.1978993 0.1321619 0.1343541 0.1348020 0.1597182 0.1783843 0.0766137 0.1479951 0.1212816 0.1456613 0.1381543 0.1293481 0.1219023 0.0000000 0.0413071 0.0844814 0.1164713 0.1229328 
SAMD9_Sminthopsis_crassicaudata   0.5614701 0.5802528 0.5235175 0.5936441 0.5765619 0.5583481 0.5551473 0.6090545 0.6036191 0.5564898 0.5765231 0.5297676 0.5656111 0.5576489 0.5472479 0.5496027 0.5714740 0.5648469 0.5497999 0.5306850 0.5241439 0.0332771 0.0356275 0.1308894 0.1975424 0.1160380 0.1234354 0.1265600 0.1628662 0.1795028 0.0666742 0.1338623 0.1204288 0.1331589 0.1275146 0.1229496 0.1143701 0.0413071 0.0000000 0.0805206 0.1183375 0.1180671 
SAMD9_Thylacinus_cynocephalus     0.6080338 0.6136109 0.5702984 0.6305328 0.6359507 0.6105870 0.6098383 0.6632348 0.6605762 0.5999238 0.6240710 0.5689964 0.6148158 0.6040030 0.5843029 0.5869140 0.6161207 0.6172247 0.5897423 0.5728725 0.5879109 0.0775573 0.0781286 0.1446381 0.2084397 0.1488602 0.1613234 0.1648270 0.1754567 0.1917088 0.0706496 0.1728473 0.1396498 0.1567560 0.1387057 0.1395122 0.1291258 0.0844814 0.0805206 0.0000000 0.1304431 0.1271201 
SAMD9_Trichosurus_vulpecula       0.5400624 0.5527504 0.4816563 0.5520164 0.5385778 0.5142809 0.5111026 0.5330141 0.5842283 0.5146988 0.5287953 0.4923039 0.5144617 0.5217943 0.5168554 0.5167394 0.5500393 0.5351835 0.5261324 0.4959828 0.5021664 0.1157969 0.1135939 0.1068703 0.1717770 0.0786803 0.0890685 0.0918700 0.1337817 0.1677373 0.1149723 0.0969237 0.0400735 0.0783580 0.0696243 0.0720635 0.0658324 0.1164713 0.1183375 0.1304431 0.0000000 0.0671954 
SAMD9_Vombatus_ursinus            0.5499762 0.5629249 0.4950568 0.5787472 0.5700508 0.5343036 0.5311139 0.5629209 0.6114558 0.5324878 0.5544910 0.5036057 0.5398408 0.5377725 0.5305484 0.5304882 0.5601770 0.5343426 0.5386914 0.5024179 0.5244110 0.1155755 0.1200192 0.1016480 0.1643241 0.0853776 0.0959750 0.0988481 0.1314850 0.1635207 0.1117998 0.1030400 0.0746789 0.0838241 0.0812910 0.0713413 0.0674215 0.1229328 0.1180671 0.1271201 0.0671954 0.0000000 
